Supplemental results for CODEML (seqf: Scodonaln.txt  treef: sgene.tree)


MLEs of dN/dS (w) for site classes (K=2)

p:   0.95181  0.04819
w:   0.01207  1.00000

Naive Empirical Bayes (NEB) probabilities for 2 classes & postmean_w
(amino acids refer to 1st sequence: lclNC_045512.2_ref_gene_S/1-3717)

   1 R   0.99631 0.00369 ( 1)  0.016
   2 T   0.99797 0.00203 ( 1)  0.014
   3 Q   0.01699 0.98301 ( 2)  0.983
   4 L   0.63713 0.36287 ( 1)  0.371
   5 P   0.99068 0.00932 ( 1)  0.021
   6 P   0.99661 0.00339 ( 1)  0.015
   7 A   0.66835 0.33165 ( 1)  0.340
   8 Y   0.99350 0.00650 ( 1)  0.018
   9 T   0.99410 0.00590 ( 1)  0.018
  10 N   0.99751 0.00249 ( 1)  0.015
  11 S   0.99288 0.00712 ( 1)  0.019
  12 F   0.53264 0.46736 ( 1)  0.474
  13 T   0.99555 0.00445 ( 1)  0.016
  14 R   0.97888 0.02112 ( 1)  0.033
  15 G   0.99833 0.00167 ( 1)  0.014
  16 V   0.99428 0.00572 ( 1)  0.018
  17 Y   0.99758 0.00242 ( 1)  0.014
  18 Y   0.99350 0.00650 ( 1)  0.018
  19 P   0.99661 0.00339 ( 1)  0.015
  20 D   0.99431 0.00569 ( 1)  0.018
  21 K   0.99715 0.00285 ( 1)  0.015
  22 V   0.99774 0.00226 ( 1)  0.014
  23 F   0.99529 0.00471 ( 1)  0.017
  24 R   0.99418 0.00582 ( 1)  0.018
  25 S   0.99593 0.00407 ( 1)  0.016
  26 S   0.99064 0.00936 ( 1)  0.021
  27 V   0.88234 0.11766 ( 1)  0.128
  28 L   0.99321 0.00679 ( 1)  0.019
  29 H   0.99841 0.00159 ( 1)  0.014
  30 S   0.27110 0.72890 ( 2)  0.732
  31 T   0.99745 0.00255 ( 1)  0.015
  32 Q   0.98856 0.01144 ( 1)  0.023
  33 D   0.99589 0.00411 ( 1)  0.016
  34 L   0.96124 0.03876 ( 1)  0.050
  35 F   0.99455 0.00545 ( 1)  0.017
  36 L   0.99321 0.00679 ( 1)  0.019
  37 P   0.99784 0.00216 ( 1)  0.014
  38 F   0.99268 0.00732 ( 1)  0.019
  39 F   0.99730 0.00270 ( 1)  0.015
  40 S   0.99320 0.00680 ( 1)  0.019
  41 N   0.99833 0.00167 ( 1)  0.014
  42 V   0.99627 0.00373 ( 1)  0.016
  43 T   0.99683 0.00317 ( 1)  0.015
  44 W   0.98158 0.01842 ( 1)  0.030
  45 F   0.99529 0.00471 ( 1)  0.017
  46 H   0.78375 0.21625 ( 1)  0.226
  47 A   0.82897 0.17103 ( 1)  0.181
  48 I   0.99603 0.00397 ( 1)  0.016
  49 S   0.01226 0.98774 ( 2)  0.988
  50 G   0.98809 0.01191 ( 1)  0.024
  51 G   0.99692 0.00308 ( 1)  0.015
  52 T   0.03000 0.97000 ( 2)  0.970
  53 K   0.99409 0.00591 ( 1)  0.018
  54 R   0.55522 0.44478 ( 1)  0.451
  55 F   0.99829 0.00171 ( 1)  0.014
  56 D   0.84952 0.15048 ( 1)  0.161
  57 N   0.99601 0.00399 ( 1)  0.016
  58 P   0.99719 0.00281 ( 1)  0.015
  59 V   0.99631 0.00369 ( 1)  0.016
  60 L   0.98810 0.01190 ( 1)  0.024
  61 P   0.99369 0.00631 ( 1)  0.018
  62 F   0.99730 0.00270 ( 1)  0.015
  63 N   0.99751 0.00249 ( 1)  0.015
  64 D   0.99839 0.00161 ( 1)  0.014
  65 G   0.99716 0.00284 ( 1)  0.015
  66 V   0.99661 0.00339 ( 1)  0.015
  67 Y   0.99641 0.00359 ( 1)  0.016
  68 F   0.99829 0.00171 ( 1)  0.014
  69 A   0.99713 0.00287 ( 1)  0.015
  70 S   0.98817 0.01183 ( 1)  0.024
  71 T   0.99669 0.00331 ( 1)  0.015
  72 E   0.99425 0.00575 ( 1)  0.018
  73 K   0.99324 0.00676 ( 1)  0.019
  74 S   0.99626 0.00374 ( 1)  0.016
  75 N   0.99730 0.00270 ( 1)  0.015
  76 I   0.99647 0.00353 ( 1)  0.016
  77 I   0.99607 0.00393 ( 1)  0.016
  78 R   0.98025 0.01975 ( 1)  0.032
  79 G   0.99505 0.00495 ( 1)  0.017
  80 W   0.98158 0.01842 ( 1)  0.030
  81 I   0.99793 0.00207 ( 1)  0.014
  82 F   0.99829 0.00171 ( 1)  0.014
  83 G   0.99725 0.00275 ( 1)  0.015
  84 T   0.99745 0.00255 ( 1)  0.015
  85 T   0.99579 0.00421 ( 1)  0.016
  86 L   0.98164 0.01836 ( 1)  0.030
  87 D   0.99839 0.00161 ( 1)  0.014
  88 S   0.42853 0.57147 ( 2)  0.577
  89 K   0.67257 0.32743 ( 1)  0.336
  90 T   0.99440 0.00560 ( 1)  0.018
  91 Q   0.98856 0.01144 ( 1)  0.023
  92 S   0.99593 0.00407 ( 1)  0.016
  93 L   0.99329 0.00671 ( 1)  0.019
  94 L   0.75789 0.24211 ( 1)  0.251
  95 I   0.99753 0.00247 ( 1)  0.015
  96 V   0.99774 0.00226 ( 1)  0.014
  97 N   0.99787 0.00213 ( 1)  0.014
  98 N   0.99443 0.00557 ( 1)  0.018
  99 A   0.99745 0.00255 ( 1)  0.015
 100 T   0.99714 0.00286 ( 1)  0.015
 101 N   0.99833 0.00167 ( 1)  0.014
 102 V   0.99774 0.00226 ( 1)  0.014
 103 V   0.99774 0.00226 ( 1)  0.014
 104 I   0.99733 0.00267 ( 1)  0.015
 105 K   0.99715 0.00285 ( 1)  0.015
 106 V   0.99296 0.00704 ( 1)  0.019
 107 C   0.99792 0.00208 ( 1)  0.014
 108 E   0.99594 0.00406 ( 1)  0.016
 109 F   0.99829 0.00171 ( 1)  0.014
 110 Q   0.99103 0.00897 ( 1)  0.021
 111 F   0.99829 0.00171 ( 1)  0.014
 112 C   0.99600 0.00400 ( 1)  0.016
 113 N   0.84828 0.15172 ( 1)  0.162
 114 D   0.99839 0.00161 ( 1)  0.014
 115 P   0.99369 0.00631 ( 1)  0.018
 116 F   0.99829 0.00171 ( 1)  0.014
 117 L   0.98927 0.01073 ( 1)  0.023
 118 G   0.99833 0.00167 ( 1)  0.014
 119 V   0.99774 0.00226 ( 1)  0.014
 120 Y   0.99639 0.00361 ( 1)  0.016
 121 H   0.99486 0.00514 ( 1)  0.017
 122 K   0.80894 0.19106 ( 1)  0.201
 123 N   0.99443 0.00557 ( 1)  0.018
 124 N   0.99601 0.00399 ( 1)  0.016
 125 K   0.99715 0.00285 ( 1)  0.015
 126 S   0.71306 0.28694 ( 1)  0.296
 127 W   0.98158 0.01842 ( 1)  0.030
 128 M   0.43002 0.56998 ( 2)  0.575
 129 E   0.99711 0.00289 ( 1)  0.015
 130 S   0.90821 0.09179 ( 1)  0.103
 131 E   0.99290 0.00710 ( 1)  0.019
 132 F   0.99529 0.00471 ( 1)  0.017
 133 R   0.99631 0.00369 ( 1)  0.016
 134 V   0.99774 0.00226 ( 1)  0.014
 135 Y   0.99629 0.00371 ( 1)  0.016
 136 S   0.99633 0.00367 ( 1)  0.016
 137 S   0.99879 0.00121 ( 1)  0.013
 138 A   0.98850 0.01150 ( 1)  0.023
 139 N   0.99787 0.00213 ( 1)  0.014
 140 N   0.99833 0.00167 ( 1)  0.014
 141 C   0.98744 0.01256 ( 1)  0.024
 142 T   0.99797 0.00203 ( 1)  0.014
 143 F   0.99742 0.00258 ( 1)  0.015
 144 E   0.99608 0.00392 ( 1)  0.016
 145 Y   0.99641 0.00359 ( 1)  0.016
 146 V   0.73101 0.26899 ( 1)  0.278
 147 S   0.99764 0.00236 ( 1)  0.014
 148 Q   0.98856 0.01144 ( 1)  0.023
 149 P   0.99784 0.00216 ( 1)  0.014
 150 F   0.99829 0.00171 ( 1)  0.014
 151 L   0.99797 0.00203 ( 1)  0.014
 152 M   0.99743 0.00257 ( 1)  0.015
 153 D   0.99431 0.00569 ( 1)  0.018
 154 L   0.99797 0.00203 ( 1)  0.014
 155 E   0.99711 0.00289 ( 1)  0.015
 156 G   0.99427 0.00573 ( 1)  0.018
 157 K   0.99608 0.00392 ( 1)  0.016
 158 Q   0.98856 0.01144 ( 1)  0.023
 159 G   0.99833 0.00167 ( 1)  0.014
 160 N   0.99833 0.00167 ( 1)  0.014
 161 F   0.99529 0.00471 ( 1)  0.017
 162 K   0.99608 0.00392 ( 1)  0.016
 163 N   0.99787 0.00213 ( 1)  0.014
 164 L   0.99797 0.00203 ( 1)  0.014
 165 R   0.99195 0.00805 ( 1)  0.020
 166 E   0.99594 0.00406 ( 1)  0.016
 167 F   0.99730 0.00270 ( 1)  0.015
 168 V   0.98435 0.01565 ( 1)  0.028
 169 F   0.99829 0.00171 ( 1)  0.014
 170 K   0.99445 0.00555 ( 1)  0.018
 171 N   0.99833 0.00167 ( 1)  0.014
 172 I   0.88661 0.11339 ( 1)  0.124
 173 D   0.99839 0.00161 ( 1)  0.014
 174 G   0.99833 0.00167 ( 1)  0.014
 175 Y   0.99758 0.00242 ( 1)  0.014
 176 F   0.99494 0.00506 ( 1)  0.017
 177 K   0.99608 0.00392 ( 1)  0.016
 178 I   0.99647 0.00353 ( 1)  0.016
 179 Y   0.99641 0.00359 ( 1)  0.016
 180 S   0.99764 0.00236 ( 1)  0.014
 181 K   0.99593 0.00407 ( 1)  0.016
 182 H   0.99348 0.00652 ( 1)  0.019
 183 T   0.98993 0.01007 ( 1)  0.022
 184 P   0.99784 0.00216 ( 1)  0.014
 185 I   0.99793 0.00207 ( 1)  0.014
 186 N   0.91598 0.08402 ( 1)  0.095
 187 L   0.99321 0.00679 ( 1)  0.019
 188 V   0.98435 0.01565 ( 1)  0.028
 189 R   0.99439 0.00561 ( 1)  0.018
 190 D   0.84979 0.15021 ( 1)  0.160
 191 L   0.99102 0.00898 ( 1)  0.021
 192 P   0.99041 0.00959 ( 1)  0.022
 193 Q   0.00049 0.99951 ( 2)  1.000
 194 G   0.99833 0.00167 ( 1)  0.014
 195 F   0.99829 0.00171 ( 1)  0.014
 196 S   0.57451 0.42549 ( 1)  0.432
 197 A   0.99745 0.00255 ( 1)  0.015
 198 L   0.99116 0.00884 ( 1)  0.021
 199 E   0.99711 0.00289 ( 1)  0.015
 200 P   0.99369 0.00631 ( 1)  0.018
 201 L   0.98326 0.01674 ( 1)  0.029
 202 V   0.99339 0.00661 ( 1)  0.019
 203 D   0.99788 0.00212 ( 1)  0.014
 204 L   0.98046 0.01954 ( 1)  0.031
 205 P   0.99515 0.00485 ( 1)  0.017
 206 I   0.99607 0.00393 ( 1)  0.016
 207 G   0.99833 0.00167 ( 1)  0.014
 208 I   0.99793 0.00207 ( 1)  0.014
 209 N   0.99601 0.00399 ( 1)  0.016
 210 I   0.99484 0.00516 ( 1)  0.017
 211 T   0.99714 0.00286 ( 1)  0.015
 212 R   0.99195 0.00805 ( 1)  0.020
 213 F   0.99742 0.00258 ( 1)  0.015
 214 Q   0.99380 0.00620 ( 1)  0.018
 215 T   0.99745 0.00255 ( 1)  0.015
 216 L   0.99321 0.00679 ( 1)  0.019
 217 H   0.99841 0.00159 ( 1)  0.014
 218 R   0.99631 0.00369 ( 1)  0.016
 219 S   0.99788 0.00212 ( 1)  0.014
 220 Y   0.99758 0.00242 ( 1)  0.014
 221 L   0.96124 0.03876 ( 1)  0.050
 222 T   0.99745 0.00255 ( 1)  0.015
 223 P   0.99784 0.00216 ( 1)  0.014
 224 G   0.99833 0.00167 ( 1)  0.014
 225 D   0.09141 0.90859 ( 2)  0.910
 226 S   0.31978 0.68022 ( 2)  0.684
 227 S   0.00739 0.99261 ( 2)  0.993
 228 S   0.01193 0.98807 ( 2)  0.988
 229 G   0.99691 0.00309 ( 1)  0.015
 230 W   0.98156 0.01844 ( 1)  0.030
 231 T   0.99517 0.00483 ( 1)  0.017
 232 A   0.87638 0.12362 ( 1)  0.134
 233 G   0.99717 0.00283 ( 1)  0.015
 234 A   0.99796 0.00204 ( 1)  0.014
 235 A   0.99609 0.00391 ( 1)  0.016
 236 A   0.99796 0.00204 ( 1)  0.014
 237 Y   0.99631 0.00369 ( 1)  0.016
 238 Y   0.99751 0.00249 ( 1)  0.015
 239 V   0.98990 0.01010 ( 1)  0.022
 240 G   0.99828 0.00172 ( 1)  0.014
 241 Y   0.99631 0.00369 ( 1)  0.016
 242 L   0.99606 0.00394 ( 1)  0.016
 243 Q   0.99371 0.00629 ( 1)  0.018
 244 P   0.47499 0.52501 ( 2)  0.531
 245 R   0.98920 0.01080 ( 1)  0.023
 246 T   0.99791 0.00209 ( 1)  0.014
 247 F   0.99824 0.00176 ( 1)  0.014
 248 L   0.98933 0.01067 ( 1)  0.023
 249 L   0.99196 0.00804 ( 1)  0.020
 250 K   0.07343 0.92657 ( 2)  0.927
 251 Y   0.99631 0.00369 ( 1)  0.016
 252 N   0.99827 0.00173 ( 1)  0.014
 253 E   0.67598 0.32402 ( 1)  0.332
 254 N   0.99827 0.00173 ( 1)  0.014
 255 G   0.99419 0.00581 ( 1)  0.018
 256 T   0.99056 0.00944 ( 1)  0.021
 257 I   0.99785 0.00215 ( 1)  0.014
 258 T   0.99514 0.00486 ( 1)  0.017
 259 D   0.99833 0.00167 ( 1)  0.014
 260 A   0.99796 0.00204 ( 1)  0.014
 261 V   0.99594 0.00406 ( 1)  0.016
 262 D   0.99595 0.00405 ( 1)  0.016
 263 C   0.99787 0.00213 ( 1)  0.014
 264 A   0.59522 0.40478 ( 1)  0.412
 265 L   0.99606 0.00394 ( 1)  0.016
 266 D   0.99423 0.00577 ( 1)  0.018
 267 P   0.99779 0.00221 ( 1)  0.014
 268 L   0.99628 0.00372 ( 1)  0.016
 269 S   0.99053 0.00947 ( 1)  0.021
 270 E   0.99584 0.00416 ( 1)  0.016
 271 T   0.99514 0.00486 ( 1)  0.017
 272 K   0.99315 0.00685 ( 1)  0.019
 273 C   0.99590 0.00410 ( 1)  0.016
 274 T   0.98985 0.01015 ( 1)  0.022
 275 L   0.99137 0.00863 ( 1)  0.021
 276 K   0.99708 0.00292 ( 1)  0.015
 277 S   0.98806 0.01194 ( 1)  0.024
 278 F   0.60296 0.39704 ( 1)  0.404
 279 T   0.99737 0.00263 ( 1)  0.015
 280 V   0.99691 0.00309 ( 1)  0.015
 281 E   0.99704 0.00296 ( 1)  0.015
 282 K   0.99708 0.00292 ( 1)  0.015
 283 G   0.99419 0.00581 ( 1)  0.018
 284 I   0.99659 0.00341 ( 1)  0.015
 285 Y   0.99631 0.00369 ( 1)  0.016
 286 Q   0.99090 0.00910 ( 1)  0.021
 287 T   0.99673 0.00327 ( 1)  0.015
 288 S   0.99757 0.00243 ( 1)  0.014
 289 N   0.99434 0.00566 ( 1)  0.018
 290 F   0.99735 0.00265 ( 1)  0.015
 291 R   0.99630 0.00370 ( 1)  0.016
 292 V   0.99425 0.00575 ( 1)  0.018
 293 Q   0.99379 0.00621 ( 1)  0.018
 294 P   0.99367 0.00633 ( 1)  0.018
 295 T   0.99522 0.00478 ( 1)  0.017
 296 E   0.00049 0.99951 ( 2)  1.000
 297 S   0.03002 0.96998 ( 2)  0.970
 298 I   0.99752 0.00248 ( 1)  0.015
 299 V   0.99774 0.00226 ( 1)  0.014
 300 R   0.99631 0.00369 ( 1)  0.016
 301 F   0.99730 0.00270 ( 1)  0.015
 302 P   0.99719 0.00281 ( 1)  0.015
 303 N   0.99833 0.00167 ( 1)  0.014
 304 I   0.99793 0.00207 ( 1)  0.014
 305 T   0.99523 0.00477 ( 1)  0.017
 306 N   0.99443 0.00557 ( 1)  0.018
 307 L   0.99145 0.00855 ( 1)  0.021
 308 C   0.99630 0.00370 ( 1)  0.016
 309 P   0.99661 0.00339 ( 1)  0.015
 310 F   0.99829 0.00171 ( 1)  0.014
 311 G   0.99725 0.00275 ( 1)  0.015
 312 E   0.99711 0.00289 ( 1)  0.015
 313 V   0.99663 0.00337 ( 1)  0.015
 314 F   0.99829 0.00171 ( 1)  0.014
 315 N   0.99443 0.00557 ( 1)  0.018
 316 A   0.99283 0.00717 ( 1)  0.019
 317 T   0.48920 0.51080 ( 2)  0.517
 318 R   0.03235 0.96765 ( 2)  0.968
 319 F   0.99730 0.00270 ( 1)  0.015
 320 A   0.99523 0.00477 ( 1)  0.017
 321 S   0.99288 0.00712 ( 1)  0.019
 322 V   0.99774 0.00226 ( 1)  0.014
 323 Y   0.99758 0.00242 ( 1)  0.014
 324 A   0.99803 0.00197 ( 1)  0.014
 325 W   0.98158 0.01842 ( 1)  0.030
 326 N   0.99443 0.00557 ( 1)  0.018
 327 R   0.99044 0.00956 ( 1)  0.022
 328 K   0.99324 0.00676 ( 1)  0.019
 329 R   0.99631 0.00369 ( 1)  0.016
 330 I   0.99663 0.00337 ( 1)  0.015
 331 S   0.99246 0.00754 ( 1)  0.020
 332 N   0.99601 0.00399 ( 1)  0.016
 333 C   0.99792 0.00208 ( 1)  0.014
 334 V   0.99774 0.00226 ( 1)  0.014
 335 A   0.99803 0.00197 ( 1)  0.014
 336 D   0.99839 0.00161 ( 1)  0.014
 337 Y   0.99255 0.00745 ( 1)  0.019
 338 S   0.99764 0.00236 ( 1)  0.014
 339 V   0.99296 0.00704 ( 1)  0.019
 340 L   0.99329 0.00671 ( 1)  0.019
 341 Y   0.99758 0.00242 ( 1)  0.014
 342 N   0.99787 0.00213 ( 1)  0.014
 343 S   0.99320 0.00680 ( 1)  0.019
 344 A   0.60952 0.39048 ( 1)  0.398
 345 S   0.99064 0.00936 ( 1)  0.021
 346 F   0.99829 0.00171 ( 1)  0.014
 347 S   0.99132 0.00868 ( 1)  0.021
 348 T   0.99683 0.00317 ( 1)  0.015
 349 F   0.99829 0.00171 ( 1)  0.014
 350 K   0.99593 0.00407 ( 1)  0.016
 351 C   0.99792 0.00208 ( 1)  0.014
 352 Y   0.99758 0.00242 ( 1)  0.014
 353 G   0.99427 0.00573 ( 1)  0.018
 354 V   0.99232 0.00768 ( 1)  0.020
 355 S   0.99633 0.00367 ( 1)  0.016
 356 P   0.99784 0.00216 ( 1)  0.014
 357 T   0.99745 0.00255 ( 1)  0.015
 358 K   0.99715 0.00285 ( 1)  0.015
 359 L   0.98061 0.01939 ( 1)  0.031
 360 N   0.99833 0.00167 ( 1)  0.014
 361 D   0.99788 0.00212 ( 1)  0.014
 362 L   0.99338 0.00662 ( 1)  0.019
 363 C   0.98744 0.01256 ( 1)  0.024
 364 F   0.99742 0.00258 ( 1)  0.015
 365 T   0.99714 0.00286 ( 1)  0.015
 366 N   0.99833 0.00167 ( 1)  0.014
 367 V   0.99387 0.00613 ( 1)  0.018
 368 Y   0.99758 0.00242 ( 1)  0.014
 369 A   0.99523 0.00477 ( 1)  0.017
 370 D   0.99621 0.00379 ( 1)  0.016
 371 S   0.99064 0.00936 ( 1)  0.021
 372 F   0.99829 0.00171 ( 1)  0.014
 373 V   0.99464 0.00536 ( 1)  0.017
 374 I   0.88661 0.11339 ( 1)  0.124
 375 R   0.03235 0.96765 ( 2)  0.968
 376 G   0.99833 0.00167 ( 1)  0.014
 377 D   0.99788 0.00212 ( 1)  0.014
 378 E   0.99594 0.00406 ( 1)  0.016
 379 V   0.99425 0.00575 ( 1)  0.018
 380 R   0.99631 0.00369 ( 1)  0.016
 381 Q   0.99380 0.00620 ( 1)  0.018
 382 I   0.99574 0.00426 ( 1)  0.016
 383 A   0.99436 0.00564 ( 1)  0.018
 384 P   0.99211 0.00789 ( 1)  0.020
 385 G   0.99230 0.00770 ( 1)  0.020
 386 Q   0.99380 0.00620 ( 1)  0.018
 387 T   0.99797 0.00203 ( 1)  0.014
 388 G   0.99568 0.00432 ( 1)  0.016
 389 K   0.00005 0.99995 ( 2)  1.000
 390 I   0.99793 0.00207 ( 1)  0.014
 391 A   0.99803 0.00197 ( 1)  0.014
 392 D   0.99755 0.00245 ( 1)  0.014
 393 Y   0.99629 0.00371 ( 1)  0.016
 394 N   0.99787 0.00213 ( 1)  0.014
 395 Y   0.99758 0.00242 ( 1)  0.014
 396 K   0.99608 0.00392 ( 1)  0.016
 397 L   0.98642 0.01358 ( 1)  0.025
 398 P   0.99369 0.00631 ( 1)  0.018
 399 D   0.99839 0.00161 ( 1)  0.014
 400 D   0.99839 0.00161 ( 1)  0.014
 401 F   0.99829 0.00171 ( 1)  0.014
 402 T   0.99719 0.00281 ( 1)  0.015
 403 G   0.99684 0.00316 ( 1)  0.015
 404 C   0.99630 0.00370 ( 1)  0.016
 405 V   0.99774 0.00226 ( 1)  0.014
 406 I   0.99647 0.00353 ( 1)  0.016
 407 A   0.99803 0.00197 ( 1)  0.014
 408 W   0.98158 0.01842 ( 1)  0.030
 409 N   0.99787 0.00213 ( 1)  0.014
 410 S   0.99633 0.00367 ( 1)  0.016
 411 N   0.00000 1.00000 ( 2)  1.000
 412 N   0.04067 0.95933 ( 2)  0.960
 413 L   0.00700 0.99300 ( 2)  0.993
 414 D   0.99839 0.00161 ( 1)  0.014
 415 S   0.71376 0.28624 ( 1)  0.295
 416 K   0.01181 0.98819 ( 2)  0.988
 417 V   0.00013 0.99987 ( 2)  1.000
 418 G   0.99716 0.00284 ( 1)  0.015
 419 G   0.99833 0.00167 ( 1)  0.014
 420 N   0.99833 0.00167 ( 1)  0.014
 421 Y   0.75475 0.24525 ( 1)  0.254
 422 N   0.09021 0.90979 ( 2)  0.911
 423 Y   0.99596 0.00404 ( 1)  0.016
 424 L   0.98268 0.01732 ( 1)  0.029
 425 Y   0.99629 0.00371 ( 1)  0.016
 426 R   0.98217 0.01783 ( 1)  0.030
 427 L   0.96278 0.03722 ( 1)  0.049
 428 F   0.99829 0.00171 ( 1)  0.014
 429 R   0.99483 0.00517 ( 1)  0.017
 430 K   0.99409 0.00591 ( 1)  0.018
 431 S   0.75989 0.24011 ( 1)  0.249
 432 N   0.86848 0.13152 ( 1)  0.142
 433 L   0.99632 0.00368 ( 1)  0.016
 434 K   0.99715 0.00285 ( 1)  0.015
 435 P   0.99410 0.00590 ( 1)  0.018
 436 F   0.99829 0.00171 ( 1)  0.014
 437 E   0.99290 0.00710 ( 1)  0.019
 438 R   0.99513 0.00487 ( 1)  0.017
 439 D   0.99839 0.00161 ( 1)  0.014
 440 I   0.99690 0.00310 ( 1)  0.015
 441 S   0.99072 0.00928 ( 1)  0.021
 442 T   0.99797 0.00203 ( 1)  0.014
 443 E   0.99711 0.00289 ( 1)  0.015
 444 I   0.99574 0.00426 ( 1)  0.016
 445 Y   0.99255 0.00745 ( 1)  0.019
 446 Q   0.99197 0.00803 ( 1)  0.020
 447 A   0.99201 0.00799 ( 1)  0.020
 448 G   0.99250 0.00750 ( 1)  0.019
 449 S   0.61383 0.38617 ( 1)  0.394
 450 T   0.62718 0.37282 ( 1)  0.380
 451 P   0.99595 0.00405 ( 1)  0.016
 452 C   0.99792 0.00208 ( 1)  0.014
 453 N   0.99787 0.00213 ( 1)  0.014
 454 G   0.99833 0.00167 ( 1)  0.014
 455 V   0.00415 0.99585 ( 2)  0.996
 456 E   0.00000 1.00000 ( 2)  1.000
 457 G   0.99833 0.00167 ( 1)  0.014
 458 F   0.59046 0.40954 ( 1)  0.417
 459 N   0.99833 0.00167 ( 1)  0.014
 460 C   0.99665 0.00335 ( 1)  0.015
 461 Y   0.99350 0.00650 ( 1)  0.018
 462 F   0.70920 0.29080 ( 1)  0.299
 463 P   0.99719 0.00281 ( 1)  0.015
 464 L   0.98474 0.01526 ( 1)  0.027
 465 Q   0.00021 0.99979 ( 2)  1.000
 466 S   0.01217 0.98783 ( 2)  0.988
 467 Y   0.99758 0.00242 ( 1)  0.014
 468 G   0.99765 0.00235 ( 1)  0.014
 469 F   0.99705 0.00295 ( 1)  0.015
 470 Q   0.01382 0.98618 ( 2)  0.986
 471 P   0.99359 0.00641 ( 1)  0.018
 472 T   0.99797 0.00203 ( 1)  0.014
 473 N   0.00000 1.00000 ( 2)  1.000
 474 G   0.99833 0.00167 ( 1)  0.014
 475 V   0.99774 0.00226 ( 1)  0.014
 476 G   0.07415 0.92585 ( 2)  0.927
 477 Y   0.44127 0.55873 ( 2)  0.564
 478 Q   0.99380 0.00620 ( 1)  0.018
 479 P   0.99703 0.00297 ( 1)  0.015
 480 Y   0.74409 0.25591 ( 1)  0.265
 481 R   0.99513 0.00487 ( 1)  0.017
 482 V   0.99339 0.00661 ( 1)  0.019
 483 V   0.99602 0.00398 ( 1)  0.016
 484 V   0.99602 0.00398 ( 1)  0.016
 485 L   0.98765 0.01235 ( 1)  0.024
 486 S   0.99633 0.00367 ( 1)  0.016
 487 F   0.99829 0.00171 ( 1)  0.014
 488 E   0.99594 0.00406 ( 1)  0.016
 489 L   0.98765 0.01235 ( 1)  0.024
 490 L   0.99329 0.00671 ( 1)  0.019
 491 H   0.71935 0.28065 ( 1)  0.289
 492 A   0.61088 0.38912 ( 1)  0.396
 493 P   0.99369 0.00631 ( 1)  0.018
 494 A   0.99616 0.00384 ( 1)  0.016
 495 T   0.99797 0.00203 ( 1)  0.014
 496 V   0.99774 0.00226 ( 1)  0.014
 497 C   0.99792 0.00208 ( 1)  0.014
 498 G   0.99427 0.00573 ( 1)  0.018
 499 P   0.99595 0.00405 ( 1)  0.016
 500 K   0.99615 0.00385 ( 1)  0.016
 501 K   0.01222 0.98778 ( 2)  0.988
 502 S   0.99764 0.00236 ( 1)  0.014
 503 T   0.99745 0.00255 ( 1)  0.015
 504 N   0.61106 0.38894 ( 1)  0.396
 505 L   0.98679 0.01321 ( 1)  0.025
 506 V   0.99774 0.00226 ( 1)  0.014
 507 K   0.99715 0.00285 ( 1)  0.015
 508 N   0.78722 0.21278 ( 1)  0.222
 509 K   0.99715 0.00285 ( 1)  0.015
 510 C   0.99792 0.00208 ( 1)  0.014
 511 V   0.99079 0.00921 ( 1)  0.021
 512 N   0.99833 0.00167 ( 1)  0.014
 513 F   0.99268 0.00732 ( 1)  0.019
 514 N   0.99443 0.00557 ( 1)  0.018
 515 F   0.99705 0.00295 ( 1)  0.015
 516 N   0.99787 0.00213 ( 1)  0.014
 517 G   0.99833 0.00167 ( 1)  0.014
 518 L   0.99321 0.00679 ( 1)  0.019
 519 T   0.99719 0.00281 ( 1)  0.015
 520 G   0.98920 0.01080 ( 1)  0.023
 521 T   0.99523 0.00477 ( 1)  0.017
 522 G   0.99833 0.00167 ( 1)  0.014
 523 V   0.99661 0.00339 ( 1)  0.015
 524 L   0.99666 0.00334 ( 1)  0.015
 525 T   0.99616 0.00384 ( 1)  0.016
 526 E   0.01756 0.98244 ( 2)  0.983
 527 S   0.99764 0.00236 ( 1)  0.014
 528 N   0.78422 0.21578 ( 1)  0.225
 529 K   0.99715 0.00285 ( 1)  0.015
 530 K   0.53514 0.46486 ( 1)  0.471
 531 F   0.99829 0.00171 ( 1)  0.014
 532 L   0.97743 0.02257 ( 1)  0.034
 533 P   0.99784 0.00216 ( 1)  0.014
 534 F   0.99529 0.00471 ( 1)  0.017
 535 Q   0.99380 0.00620 ( 1)  0.018
 536 Q   0.99380 0.00620 ( 1)  0.018
 537 F   0.99829 0.00171 ( 1)  0.014
 538 G   0.99684 0.00316 ( 1)  0.015
 539 R   0.99631 0.00369 ( 1)  0.016
 540 D   0.99431 0.00569 ( 1)  0.018
 541 I   0.99733 0.00267 ( 1)  0.015
 542 A   0.03867 0.96133 ( 2)  0.962
 543 D   0.99431 0.00569 ( 1)  0.018
 544 T   0.99797 0.00203 ( 1)  0.014
 545 T   0.99797 0.00203 ( 1)  0.014
 546 D   0.99839 0.00161 ( 1)  0.014
 547 A   0.99687 0.00313 ( 1)  0.015
 548 V   0.99079 0.00921 ( 1)  0.021
 549 R   0.99713 0.00287 ( 1)  0.015
 550 D   0.99788 0.00212 ( 1)  0.014
 551 P   0.99369 0.00631 ( 1)  0.018
 552 Q   0.98546 0.01454 ( 1)  0.026
 553 T   0.99523 0.00477 ( 1)  0.017
 554 L   0.99797 0.00203 ( 1)  0.014
 555 E   0.67695 0.32305 ( 1)  0.331
 556 I   0.99753 0.00247 ( 1)  0.015
 557 L   0.99797 0.00203 ( 1)  0.014
 558 D   0.99431 0.00569 ( 1)  0.018
 559 I   0.99793 0.00207 ( 1)  0.014
 560 T   0.99459 0.00541 ( 1)  0.017
 561 P   0.99515 0.00485 ( 1)  0.017
 562 C   0.99600 0.00400 ( 1)  0.016
 563 S   0.99764 0.00236 ( 1)  0.014
 564 F   0.99829 0.00171 ( 1)  0.014
 565 G   0.99725 0.00275 ( 1)  0.015
 566 G   0.99725 0.00275 ( 1)  0.015
 567 V   0.99425 0.00575 ( 1)  0.018
 568 S   0.99879 0.00121 ( 1)  0.013
 569 V   0.99663 0.00337 ( 1)  0.015
 570 I   0.99607 0.00393 ( 1)  0.016
 571 T   0.99523 0.00477 ( 1)  0.017
 572 P   0.99445 0.00555 ( 1)  0.018
 573 G   0.99568 0.00432 ( 1)  0.016
 574 T   0.99523 0.00477 ( 1)  0.017
 575 N   0.99787 0.00213 ( 1)  0.014
 576 T   0.67984 0.32016 ( 1)  0.328
 577 S   0.99764 0.00236 ( 1)  0.014
 578 N   0.99601 0.00399 ( 1)  0.016
 579 Q   0.98856 0.01144 ( 1)  0.023
 580 V   0.99663 0.00337 ( 1)  0.015
 581 A   0.99803 0.00197 ( 1)  0.014
 582 V   0.99734 0.00266 ( 1)  0.015
 583 L   0.99797 0.00203 ( 1)  0.014
 584 Y   0.99641 0.00359 ( 1)  0.016
 585 Q   0.98856 0.01144 ( 1)  0.023
 586 D   0.03720 0.96280 ( 2)  0.963
 587 V   0.99774 0.00226 ( 1)  0.014
 588 N   0.99443 0.00557 ( 1)  0.018
 589 C   0.99299 0.00701 ( 1)  0.019
 590 T   0.99616 0.00384 ( 1)  0.016
 591 E   0.99711 0.00289 ( 1)  0.015
 592 V   0.99061 0.00939 ( 1)  0.021
 593 P   0.99784 0.00216 ( 1)  0.014
 594 V   0.51120 0.48880 ( 1)  0.495
 595 A   0.99713 0.00287 ( 1)  0.015
 596 I   0.99690 0.00310 ( 1)  0.015
 597 H   0.99841 0.00159 ( 1)  0.014
 598 A   0.99523 0.00477 ( 1)  0.017
 599 D   0.82871 0.17129 ( 1)  0.181
 600 Q   0.99380 0.00620 ( 1)  0.018
 601 L   0.99797 0.00203 ( 1)  0.014
 602 T   0.99745 0.00255 ( 1)  0.015
 603 P   0.99650 0.00350 ( 1)  0.016
 604 T   0.82849 0.17151 ( 1)  0.182
 605 W   0.98158 0.01842 ( 1)  0.030
 606 R   0.99713 0.00287 ( 1)  0.015
 607 V   0.99774 0.00226 ( 1)  0.014
 608 Y   0.99255 0.00745 ( 1)  0.019
 609 S   0.99627 0.00373 ( 1)  0.016
 610 T   0.72412 0.27588 ( 1)  0.285
 611 G   0.99725 0.00275 ( 1)  0.015
 612 S   0.74147 0.25853 ( 1)  0.267
 613 N   0.99833 0.00167 ( 1)  0.014
 614 V   0.99663 0.00337 ( 1)  0.015
 615 F   0.99829 0.00171 ( 1)  0.014
 616 Q   0.99380 0.00620 ( 1)  0.018
 617 T   0.99523 0.00477 ( 1)  0.017
 618 R   0.97888 0.02112 ( 1)  0.033
 619 A   0.99523 0.00477 ( 1)  0.017
 620 G   0.99196 0.00804 ( 1)  0.020
 621 C   0.99792 0.00208 ( 1)  0.014
 622 L   0.99321 0.00679 ( 1)  0.019
 623 I   0.76057 0.23943 ( 1)  0.249
 624 G   0.99180 0.00820 ( 1)  0.020
 625 A   0.99803 0.00197 ( 1)  0.014
 626 E   0.99594 0.00406 ( 1)  0.016
 627 H   0.99841 0.00159 ( 1)  0.014
 628 V   0.99079 0.00921 ( 1)  0.021
 629 N   0.99597 0.00403 ( 1)  0.016
 630 N   0.99601 0.00399 ( 1)  0.016
 631 S   0.99243 0.00757 ( 1)  0.020
 632 Y   0.99758 0.00242 ( 1)  0.014
 633 E   0.99425 0.00575 ( 1)  0.018
 634 C   0.99792 0.00208 ( 1)  0.014
 635 D   0.99431 0.00569 ( 1)  0.018
 636 I   0.99647 0.00353 ( 1)  0.016
 637 P   0.99359 0.00641 ( 1)  0.018
 638 I   0.84336 0.15664 ( 1)  0.167
 639 G   0.99833 0.00167 ( 1)  0.014
 640 A   0.99616 0.00384 ( 1)  0.016
 641 G   0.99536 0.00464 ( 1)  0.017
 642 I   0.99607 0.00393 ( 1)  0.016
 643 C   0.99299 0.00701 ( 1)  0.019
 644 A   0.99575 0.00425 ( 1)  0.016
 645 S   0.99879 0.00121 ( 1)  0.013
 646 Y   0.99641 0.00359 ( 1)  0.016
 647 Q   0.64354 0.35646 ( 1)  0.364
 648 T   0.75254 0.24746 ( 1)  0.257
 649 Q   0.00010 0.99990 ( 2)  1.000
 650 T   0.75588 0.24412 ( 1)  0.253
 651 R   0.99713 0.00287 ( 1)  0.015
 652 S   0.99879 0.00121 ( 1)  0.013
 653 V   0.99249 0.00751 ( 1)  0.019
 654 A   0.03280 0.96720 ( 2)  0.968
 655 S   0.00209 0.99791 ( 2)  0.998
 656 Q   0.35810 0.64190 ( 2)  0.646
 657 S   0.99326 0.00674 ( 1)  0.019
 658 I   0.99455 0.00545 ( 1)  0.017
 659 I   0.99793 0.00207 ( 1)  0.014
 660 A   0.99439 0.00561 ( 1)  0.018
 661 Y   0.98863 0.01137 ( 1)  0.023
 662 T   0.99797 0.00203 ( 1)  0.014
 663 M   0.99743 0.00257 ( 1)  0.015
 664 S   0.99390 0.00610 ( 1)  0.018
 665 L   0.98765 0.01235 ( 1)  0.024
 666 G   0.99833 0.00167 ( 1)  0.014
 667 A   0.71543 0.28457 ( 1)  0.293
 668 E   0.99711 0.00289 ( 1)  0.015
 669 N   0.99833 0.00167 ( 1)  0.014
 670 S   0.99064 0.00936 ( 1)  0.021
 671 V   0.99774 0.00226 ( 1)  0.014
 672 A   0.99803 0.00197 ( 1)  0.014
 673 Y   0.99596 0.00404 ( 1)  0.016
 674 S   0.99764 0.00236 ( 1)  0.014
 675 N   0.99833 0.00167 ( 1)  0.014
 676 N   0.99601 0.00399 ( 1)  0.016
 677 S   0.99633 0.00367 ( 1)  0.016
 678 I   0.99793 0.00207 ( 1)  0.014
 679 A   0.99048 0.00952 ( 1)  0.021
 680 I   0.99607 0.00393 ( 1)  0.016
 681 P   0.99614 0.00386 ( 1)  0.016
 682 T   0.75780 0.24220 ( 1)  0.251
 683 N   0.99833 0.00167 ( 1)  0.014
 684 F   0.99829 0.00171 ( 1)  0.014
 685 T   0.99745 0.00255 ( 1)  0.015
 686 I   0.99753 0.00247 ( 1)  0.015
 687 S   0.99879 0.00121 ( 1)  0.013
 688 V   0.99627 0.00373 ( 1)  0.016
 689 T   0.99066 0.00934 ( 1)  0.021
 690 T   0.99598 0.00402 ( 1)  0.016
 691 E   0.99711 0.00289 ( 1)  0.015
 692 I   0.99793 0.00207 ( 1)  0.014
 693 L   0.98943 0.01057 ( 1)  0.023
 694 P   0.99445 0.00555 ( 1)  0.018
 695 V   0.98435 0.01565 ( 1)  0.028
 696 S   0.99633 0.00367 ( 1)  0.016
 697 M   0.99743 0.00257 ( 1)  0.015
 698 T   0.99541 0.00459 ( 1)  0.017
 699 K   0.99324 0.00676 ( 1)  0.019
 700 T   0.99616 0.00384 ( 1)  0.016
 701 S   0.99243 0.00757 ( 1)  0.020
 702 V   0.99501 0.00499 ( 1)  0.017
 703 D   0.99755 0.00245 ( 1)  0.014
 704 C   0.99792 0.00208 ( 1)  0.014
 705 T   0.99616 0.00384 ( 1)  0.016
 706 M   0.99743 0.00257 ( 1)  0.015
 707 Y   0.99193 0.00807 ( 1)  0.020
 708 I   0.99733 0.00267 ( 1)  0.015
 709 C   0.99792 0.00208 ( 1)  0.014
 710 G   0.99725 0.00275 ( 1)  0.015
 711 D   0.99839 0.00161 ( 1)  0.014
 712 S   0.99064 0.00936 ( 1)  0.021
 713 T   0.88348 0.11652 ( 1)  0.127
 714 E   0.99404 0.00596 ( 1)  0.018
 715 C   0.99299 0.00701 ( 1)  0.019
 716 S   0.99561 0.00439 ( 1)  0.016
 717 N   0.99751 0.00249 ( 1)  0.015
 718 L   0.98765 0.01235 ( 1)  0.024
 719 L   0.98803 0.01197 ( 1)  0.024
 720 L   0.98679 0.01321 ( 1)  0.025
 721 Q   0.99380 0.00620 ( 1)  0.018
 722 Y   0.99758 0.00242 ( 1)  0.014
 723 G   0.99196 0.00804 ( 1)  0.020
 724 S   0.99879 0.00121 ( 1)  0.013
 725 F   0.99829 0.00171 ( 1)  0.014
 726 C   0.99062 0.00938 ( 1)  0.021
 727 T   0.99523 0.00477 ( 1)  0.017
 728 Q   0.99380 0.00620 ( 1)  0.018
 729 L   0.99321 0.00679 ( 1)  0.019
 730 N   0.99597 0.00403 ( 1)  0.016
 731 R   0.99713 0.00287 ( 1)  0.015
 732 A   0.99803 0.00197 ( 1)  0.014
 733 L   0.99116 0.00884 ( 1)  0.021
 734 T   0.99797 0.00203 ( 1)  0.014
 735 G   0.99149 0.00851 ( 1)  0.020
 736 I   0.99647 0.00353 ( 1)  0.016
 737 A   0.99803 0.00197 ( 1)  0.014
 738 V   0.99774 0.00226 ( 1)  0.014
 739 E   0.99711 0.00289 ( 1)  0.015
 740 Q   0.99232 0.00768 ( 1)  0.020
 741 D   0.99431 0.00569 ( 1)  0.018
 742 K   0.99715 0.00285 ( 1)  0.015
 743 N   0.99597 0.00403 ( 1)  0.016
 744 T   0.99541 0.00459 ( 1)  0.017
 745 Q   0.99380 0.00620 ( 1)  0.018
 746 E   0.99711 0.00289 ( 1)  0.015
 747 V   0.99774 0.00226 ( 1)  0.014
 748 F   0.99829 0.00171 ( 1)  0.014
 749 A   0.99575 0.00425 ( 1)  0.016
 750 Q   0.99103 0.00897 ( 1)  0.021
 751 V   0.99631 0.00369 ( 1)  0.016
 752 K   0.99715 0.00285 ( 1)  0.015
 753 Q   0.99380 0.00620 ( 1)  0.018
 754 I   0.99733 0.00267 ( 1)  0.015
 755 Y   0.99193 0.00807 ( 1)  0.020
 756 K   0.99615 0.00385 ( 1)  0.016
 757 T   0.99523 0.00477 ( 1)  0.017
 758 P   0.99369 0.00631 ( 1)  0.018
 759 P   0.99515 0.00485 ( 1)  0.017
 760 I   0.99793 0.00207 ( 1)  0.014
 761 K   0.99715 0.00285 ( 1)  0.015
 762 D   0.99839 0.00161 ( 1)  0.014
 763 F   0.99829 0.00171 ( 1)  0.014
 764 G   0.99833 0.00167 ( 1)  0.014
 765 G   0.99692 0.00308 ( 1)  0.015
 766 F   0.99730 0.00270 ( 1)  0.015
 767 N   0.99787 0.00213 ( 1)  0.014
 768 F   0.99829 0.00171 ( 1)  0.014
 769 S   0.99064 0.00936 ( 1)  0.021
 770 Q   0.99380 0.00620 ( 1)  0.018
 771 I   0.99607 0.00393 ( 1)  0.016
 772 L   0.99116 0.00884 ( 1)  0.021
 773 P   0.99369 0.00631 ( 1)  0.018
 774 D   0.99839 0.00161 ( 1)  0.014
 775 P   0.99369 0.00631 ( 1)  0.018
 776 S   0.99064 0.00936 ( 1)  0.021
 777 K   0.99715 0.00285 ( 1)  0.015
 778 P   0.99369 0.00631 ( 1)  0.018
 779 S   0.99246 0.00754 ( 1)  0.020
 780 K   0.99324 0.00676 ( 1)  0.019
 781 R   0.98930 0.01070 ( 1)  0.023
 782 S   0.99064 0.00936 ( 1)  0.021
 783 F   0.99829 0.00171 ( 1)  0.014
 784 I   0.99793 0.00207 ( 1)  0.014
 785 E   0.99404 0.00596 ( 1)  0.018
 786 D   0.99839 0.00161 ( 1)  0.014
 787 L   0.99185 0.00815 ( 1)  0.020
 788 L   0.99639 0.00361 ( 1)  0.016
 789 F   0.99268 0.00732 ( 1)  0.019
 790 N   0.99597 0.00403 ( 1)  0.016
 791 K   0.99715 0.00285 ( 1)  0.015
 792 V   0.98435 0.01565 ( 1)  0.028
 793 T   0.99523 0.00477 ( 1)  0.017
 794 L   0.99797 0.00203 ( 1)  0.014
 795 A   0.99724 0.00276 ( 1)  0.015
 796 D   0.99839 0.00161 ( 1)  0.014
 797 A   0.99803 0.00197 ( 1)  0.014
 798 G   0.98920 0.01080 ( 1)  0.023
 799 F   0.99268 0.00732 ( 1)  0.019
 800 I   0.99208 0.00792 ( 1)  0.020
 801 K   0.99715 0.00285 ( 1)  0.015
 802 Q   0.99380 0.00620 ( 1)  0.018
 803 Y   0.99758 0.00242 ( 1)  0.014
 804 G   0.99833 0.00167 ( 1)  0.014
 805 D   0.99839 0.00161 ( 1)  0.014
 806 C   0.98744 0.01256 ( 1)  0.024
 807 L   0.99797 0.00203 ( 1)  0.014
 808 G   0.99833 0.00167 ( 1)  0.014
 809 D   0.99839 0.00161 ( 1)  0.014
 810 I   0.99793 0.00207 ( 1)  0.014
 811 A   0.99803 0.00197 ( 1)  0.014
 812 A   0.99803 0.00197 ( 1)  0.014
 813 R   0.99513 0.00487 ( 1)  0.017
 814 D   0.99734 0.00266 ( 1)  0.015
 815 L   0.99102 0.00898 ( 1)  0.021
 816 I   0.99733 0.00267 ( 1)  0.015
 817 C   0.99792 0.00208 ( 1)  0.014
 818 A   0.99597 0.00403 ( 1)  0.016
 819 Q   0.99380 0.00620 ( 1)  0.018
 820 K   0.99324 0.00676 ( 1)  0.019
 821 F   0.99494 0.00506 ( 1)  0.017
 822 N   0.99730 0.00270 ( 1)  0.015
 823 G   0.99154 0.00846 ( 1)  0.020
 824 L   0.99639 0.00361 ( 1)  0.016
 825 T   0.99669 0.00331 ( 1)  0.015
 826 V   0.99774 0.00226 ( 1)  0.014
 827 L   0.98378 0.01622 ( 1)  0.028
 828 P   0.99042 0.00958 ( 1)  0.022
 829 P   0.99784 0.00216 ( 1)  0.014
 830 L   0.98803 0.01197 ( 1)  0.024
 831 L   0.98808 0.01192 ( 1)  0.024
 832 T   0.99523 0.00477 ( 1)  0.017
 833 D   0.99839 0.00161 ( 1)  0.014
 834 E   0.99711 0.00289 ( 1)  0.015
 835 M   0.99743 0.00257 ( 1)  0.015
 836 I   0.99690 0.00310 ( 1)  0.015
 837 A   0.99803 0.00197 ( 1)  0.014
 838 Q   0.99380 0.00620 ( 1)  0.018
 839 Y   0.98863 0.01137 ( 1)  0.023
 840 T   0.99797 0.00203 ( 1)  0.014
 841 S   0.99764 0.00236 ( 1)  0.014
 842 A   0.99523 0.00477 ( 1)  0.017
 843 L   0.98674 0.01326 ( 1)  0.025
 844 L   0.98164 0.01836 ( 1)  0.030
 845 A   0.68267 0.31733 ( 1)  0.326
 846 G   0.99725 0.00275 ( 1)  0.015
 847 T   0.99523 0.00477 ( 1)  0.017
 848 I   0.99208 0.00792 ( 1)  0.020
 849 T   0.99714 0.00286 ( 1)  0.015
 850 S   0.99633 0.00367 ( 1)  0.016
 851 G   0.99833 0.00167 ( 1)  0.014
 852 W   0.98158 0.01842 ( 1)  0.030
 853 T   0.99356 0.00644 ( 1)  0.018
 854 F   0.99829 0.00171 ( 1)  0.014
 855 G   0.99833 0.00167 ( 1)  0.014
 856 A   0.99523 0.00477 ( 1)  0.017
 857 G   0.99725 0.00275 ( 1)  0.015
 858 A   0.99803 0.00197 ( 1)  0.014
 859 A   0.99724 0.00276 ( 1)  0.015
 860 L   0.99321 0.00679 ( 1)  0.019
 861 Q   0.99380 0.00620 ( 1)  0.018
 862 I   0.99607 0.00393 ( 1)  0.016
 863 P   0.99211 0.00789 ( 1)  0.020
 864 F   0.99829 0.00171 ( 1)  0.014
 865 A   0.99575 0.00425 ( 1)  0.016
 866 M   0.99743 0.00257 ( 1)  0.015
 867 Q   0.99380 0.00620 ( 1)  0.018
 868 M   0.99743 0.00257 ( 1)  0.015
 869 A   0.99803 0.00197 ( 1)  0.014
 870 Y   0.99641 0.00359 ( 1)  0.016
 871 R   0.98930 0.01070 ( 1)  0.023
 872 F   0.99829 0.00171 ( 1)  0.014
 873 N   0.99833 0.00167 ( 1)  0.014
 874 G   0.99692 0.00308 ( 1)  0.015
 875 I   0.99793 0.00207 ( 1)  0.014
 876 G   0.99427 0.00573 ( 1)  0.018
 877 V   0.99704 0.00296 ( 1)  0.015
 878 T   0.99616 0.00384 ( 1)  0.016
 879 Q   0.98546 0.01454 ( 1)  0.026
 880 N   0.99833 0.00167 ( 1)  0.014
 881 V   0.99774 0.00226 ( 1)  0.014
 882 L   0.98888 0.01112 ( 1)  0.023
 883 Y   0.99758 0.00242 ( 1)  0.014
 884 E   0.99290 0.00710 ( 1)  0.019
 885 N   0.99601 0.00399 ( 1)  0.016
 886 Q   0.99103 0.00897 ( 1)  0.021
 887 K   0.99715 0.00285 ( 1)  0.015
 888 L   0.98927 0.01073 ( 1)  0.023
 889 I   0.99793 0.00207 ( 1)  0.014
 890 A   0.99048 0.00952 ( 1)  0.021
 891 N   0.99601 0.00399 ( 1)  0.016
 892 Q   0.98701 0.01299 ( 1)  0.025
 893 F   0.99742 0.00258 ( 1)  0.015
 894 N   0.99787 0.00213 ( 1)  0.014
 895 S   0.99879 0.00121 ( 1)  0.013
 896 A   0.99803 0.00197 ( 1)  0.014
 897 I   0.99793 0.00207 ( 1)  0.014
 898 G   0.98920 0.01080 ( 1)  0.023
 899 K   0.99715 0.00285 ( 1)  0.015
 900 I   0.99753 0.00247 ( 1)  0.015
 901 Q   0.99103 0.00897 ( 1)  0.021
 902 D   0.99601 0.00399 ( 1)  0.016
 903 S   0.99064 0.00936 ( 1)  0.021
 904 L   0.99797 0.00203 ( 1)  0.014
 905 S   0.99633 0.00367 ( 1)  0.016
 906 S   0.99593 0.00407 ( 1)  0.016
 907 T   0.99334 0.00666 ( 1)  0.019
 908 A   0.99616 0.00384 ( 1)  0.016
 909 S   0.99879 0.00121 ( 1)  0.013
 910 A   0.99523 0.00477 ( 1)  0.017
 911 L   0.99797 0.00203 ( 1)  0.014
 912 G   0.99568 0.00432 ( 1)  0.016
 913 K   0.99715 0.00285 ( 1)  0.015
 914 L   0.99797 0.00203 ( 1)  0.014
 915 Q   0.99380 0.00620 ( 1)  0.018
 916 D   0.99788 0.00212 ( 1)  0.014
 917 V   0.99393 0.00607 ( 1)  0.018
 918 V   0.99296 0.00704 ( 1)  0.019
 919 N   0.99601 0.00399 ( 1)  0.016
 920 Q   0.99380 0.00620 ( 1)  0.018
 921 N   0.99833 0.00167 ( 1)  0.014
 922 A   0.99523 0.00477 ( 1)  0.017
 923 Q   0.99103 0.00897 ( 1)  0.021
 924 A   0.99803 0.00197 ( 1)  0.014
 925 L   0.99321 0.00679 ( 1)  0.019
 926 N   0.99443 0.00557 ( 1)  0.018
 927 T   0.98993 0.01007 ( 1)  0.022
 928 L   0.99797 0.00203 ( 1)  0.014
 929 V   0.99704 0.00296 ( 1)  0.015
 930 K   0.99715 0.00285 ( 1)  0.015
 931 Q   0.99380 0.00620 ( 1)  0.018
 932 L   0.99797 0.00203 ( 1)  0.014
 933 S   0.99561 0.00439 ( 1)  0.016
 934 S   0.98817 0.01183 ( 1)  0.024
 935 N   0.99833 0.00167 ( 1)  0.014
 936 F   0.99829 0.00171 ( 1)  0.014
 937 G   0.99532 0.00468 ( 1)  0.017
 938 A   0.99724 0.00276 ( 1)  0.015
 939 I   0.99793 0.00207 ( 1)  0.014
 940 S   0.99069 0.00931 ( 1)  0.021
 941 S   0.99788 0.00212 ( 1)  0.014
 942 V   0.99012 0.00988 ( 1)  0.022
 943 L   0.98164 0.01836 ( 1)  0.030
 944 N   0.99833 0.00167 ( 1)  0.014
 945 D   0.99839 0.00161 ( 1)  0.014
 946 I   0.99484 0.00516 ( 1)  0.017
 947 L   0.99797 0.00203 ( 1)  0.014
 948 S   0.56084 0.43916 ( 1)  0.446
 949 R   0.99713 0.00287 ( 1)  0.015
 950 L   0.99666 0.00334 ( 1)  0.015
 951 D   0.99431 0.00569 ( 1)  0.018
 952 K   0.99715 0.00285 ( 1)  0.015
 953 V   0.99774 0.00226 ( 1)  0.014
 954 E   0.99290 0.00710 ( 1)  0.019
 955 A   0.99803 0.00197 ( 1)  0.014
 956 E   0.99711 0.00289 ( 1)  0.015
 957 V   0.98435 0.01565 ( 1)  0.028
 958 Q   0.99232 0.00768 ( 1)  0.020
 959 I   0.99793 0.00207 ( 1)  0.014
 960 D   0.99755 0.00245 ( 1)  0.014
 961 R   0.98930 0.01070 ( 1)  0.023
 962 L   0.98927 0.01073 ( 1)  0.023
 963 I   0.99208 0.00792 ( 1)  0.020
 964 T   0.99523 0.00477 ( 1)  0.017
 965 G   0.99154 0.00846 ( 1)  0.020
 966 R   0.99631 0.00369 ( 1)  0.016
 967 L   0.99617 0.00383 ( 1)  0.016
 968 Q   0.99103 0.00897 ( 1)  0.021
 969 S   0.99788 0.00212 ( 1)  0.014
 970 L   0.96124 0.03876 ( 1)  0.050
 971 Q   0.98856 0.01144 ( 1)  0.023
 972 T   0.99616 0.00384 ( 1)  0.016
 973 Y   0.99758 0.00242 ( 1)  0.014
 974 V   0.98435 0.01565 ( 1)  0.028
 975 T   0.99745 0.00255 ( 1)  0.015
 976 Q   0.99380 0.00620 ( 1)  0.018
 977 Q   0.99380 0.00620 ( 1)  0.018
 978 L   0.99321 0.00679 ( 1)  0.019
 979 I   0.99733 0.00267 ( 1)  0.015
 980 R   0.99631 0.00369 ( 1)  0.016
 981 A   0.99745 0.00255 ( 1)  0.015
 982 A   0.99523 0.00477 ( 1)  0.017
 983 E   0.99711 0.00289 ( 1)  0.015
 984 I   0.99208 0.00792 ( 1)  0.020
 985 R   0.99631 0.00369 ( 1)  0.016
 986 A   0.99803 0.00197 ( 1)  0.014
 987 S   0.99764 0.00236 ( 1)  0.014
 988 A   0.99687 0.00313 ( 1)  0.015
 989 N   0.99833 0.00167 ( 1)  0.014
 990 L   0.99797 0.00203 ( 1)  0.014
 991 A   0.99803 0.00197 ( 1)  0.014
 992 A   0.99745 0.00255 ( 1)  0.015
 993 T   0.99745 0.00255 ( 1)  0.015
 994 K   0.99715 0.00285 ( 1)  0.015
 995 M   0.99743 0.00257 ( 1)  0.015
 996 S   0.99390 0.00610 ( 1)  0.018
 997 E   0.99290 0.00710 ( 1)  0.019
 998 C   0.99600 0.00400 ( 1)  0.016
 999 V   0.99501 0.00499 ( 1)  0.017
1000 L   0.99161 0.00839 ( 1)  0.020
1001 G   0.99427 0.00573 ( 1)  0.018
1002 Q   0.99380 0.00620 ( 1)  0.018
1003 S   0.99390 0.00610 ( 1)  0.018
1004 K   0.99715 0.00285 ( 1)  0.015
1005 R   0.99631 0.00369 ( 1)  0.016
1006 V   0.99774 0.00226 ( 1)  0.014
1007 D   0.99839 0.00161 ( 1)  0.014
1008 F   0.99829 0.00171 ( 1)  0.014
1009 C   0.99792 0.00208 ( 1)  0.014
1010 G   0.99427 0.00573 ( 1)  0.018
1011 K   0.99593 0.00407 ( 1)  0.016
1012 G   0.98920 0.01080 ( 1)  0.023
1013 Y   0.99641 0.00359 ( 1)  0.016
1014 H   0.99841 0.00159 ( 1)  0.014
1015 L   0.98765 0.01235 ( 1)  0.024
1016 M   0.99743 0.00257 ( 1)  0.015
1017 S   0.99593 0.00407 ( 1)  0.016
1018 F   0.99268 0.00732 ( 1)  0.019
1019 P   0.99784 0.00216 ( 1)  0.014
1020 Q   0.98856 0.01144 ( 1)  0.023
1021 S   0.99064 0.00936 ( 1)  0.021
1022 A   0.99523 0.00477 ( 1)  0.017
1023 P   0.99519 0.00481 ( 1)  0.017
1024 H   0.99841 0.00159 ( 1)  0.014
1025 G   0.99833 0.00167 ( 1)  0.014
1026 V   0.99602 0.00398 ( 1)  0.016
1027 V   0.99425 0.00575 ( 1)  0.018
1028 F   0.99268 0.00732 ( 1)  0.019
1029 L   0.98803 0.01197 ( 1)  0.024
1030 H   0.99841 0.00159 ( 1)  0.014
1031 V   0.99232 0.00768 ( 1)  0.020
1032 T   0.99734 0.00266 ( 1)  0.015
1033 Y   0.99758 0.00242 ( 1)  0.014
1034 V   0.99296 0.00704 ( 1)  0.019
1035 P   0.99784 0.00216 ( 1)  0.014
1036 A   0.99523 0.00477 ( 1)  0.017
1037 Q   0.99380 0.00620 ( 1)  0.018
1038 E   0.99711 0.00289 ( 1)  0.015
1039 K   0.99324 0.00676 ( 1)  0.019
1040 N   0.99443 0.00557 ( 1)  0.018
1041 F   0.99529 0.00471 ( 1)  0.017
1042 T   0.99616 0.00384 ( 1)  0.016
1043 T   0.99797 0.00203 ( 1)  0.014
1044 A   0.99803 0.00197 ( 1)  0.014
1045 P   0.99784 0.00216 ( 1)  0.014
1046 A   0.99439 0.00561 ( 1)  0.018
1047 I   0.99793 0.00207 ( 1)  0.014
1048 C   0.99792 0.00208 ( 1)  0.014
1049 H   0.99841 0.00159 ( 1)  0.014
1050 D   0.88816 0.11184 ( 1)  0.123
1051 G   0.99427 0.00573 ( 1)  0.018
1052 K   0.99715 0.00285 ( 1)  0.015
1053 A   0.99523 0.00477 ( 1)  0.017
1054 H   0.99150 0.00850 ( 1)  0.020
1055 F   0.99742 0.00258 ( 1)  0.015
1056 P   0.99719 0.00281 ( 1)  0.015
1057 R   0.99713 0.00287 ( 1)  0.015
1058 E   0.99711 0.00289 ( 1)  0.015
1059 G   0.99833 0.00167 ( 1)  0.014
1060 V   0.99374 0.00626 ( 1)  0.018
1061 F   0.99494 0.00506 ( 1)  0.017
1062 V   0.99774 0.00226 ( 1)  0.014
1063 S   0.99064 0.00936 ( 1)  0.021
1064 N   0.99833 0.00167 ( 1)  0.014
1065 G   0.98920 0.01080 ( 1)  0.023
1066 T   0.99616 0.00384 ( 1)  0.016
1067 H   0.99486 0.00514 ( 1)  0.017
1068 W   0.98158 0.01842 ( 1)  0.030
1069 F   0.99829 0.00171 ( 1)  0.014
1070 V   0.84474 0.15526 ( 1)  0.165
1071 T   0.99523 0.00477 ( 1)  0.017
1072 Q   0.99380 0.00620 ( 1)  0.018
1073 R   0.98930 0.01070 ( 1)  0.023
1074 N   0.99833 0.00167 ( 1)  0.014
1075 F   0.99829 0.00171 ( 1)  0.014
1076 Y   0.99758 0.00242 ( 1)  0.014
1077 E   0.99711 0.00289 ( 1)  0.015
1078 P   0.99515 0.00485 ( 1)  0.017
1079 Q   0.99380 0.00620 ( 1)  0.018
1080 I   0.99663 0.00337 ( 1)  0.015
1081 I   0.99793 0.00207 ( 1)  0.014
1082 T   0.99601 0.00399 ( 1)  0.016
1083 T   0.99616 0.00384 ( 1)  0.016
1084 D   0.67773 0.32227 ( 1)  0.330
1085 N   0.99443 0.00557 ( 1)  0.018
1086 T   0.99523 0.00477 ( 1)  0.017
1087 F   0.99742 0.00258 ( 1)  0.015
1088 V   0.99066 0.00934 ( 1)  0.021
1089 S   0.99764 0.00236 ( 1)  0.014
1090 G   0.99833 0.00167 ( 1)  0.014
1091 N   0.57397 0.42603 ( 1)  0.433
1092 C   0.99792 0.00208 ( 1)  0.014
1093 D   0.99839 0.00161 ( 1)  0.014
1094 V   0.99774 0.00226 ( 1)  0.014
1095 V   0.99501 0.00499 ( 1)  0.017
1096 I   0.99647 0.00353 ( 1)  0.016
1097 G   0.99427 0.00573 ( 1)  0.018
1098 I   0.99753 0.00247 ( 1)  0.015
1099 V   0.99079 0.00921 ( 1)  0.021
1100 N   0.99443 0.00557 ( 1)  0.018
1101 N   0.99443 0.00557 ( 1)  0.018
1102 T   0.99523 0.00477 ( 1)  0.017
1103 V   0.99774 0.00226 ( 1)  0.014
1104 Y   0.99758 0.00242 ( 1)  0.014
1105 D   0.99839 0.00161 ( 1)  0.014
1106 P   0.99784 0.00216 ( 1)  0.014
1107 L   0.98803 0.01197 ( 1)  0.024
1108 Q   0.99380 0.00620 ( 1)  0.018
1109 P   0.99429 0.00571 ( 1)  0.018
1110 E   0.99594 0.00406 ( 1)  0.016
1111 L   0.98474 0.01526 ( 1)  0.027
1112 D   0.99589 0.00411 ( 1)  0.016
1113 S   0.99064 0.00936 ( 1)  0.021
1114 F   0.99529 0.00471 ( 1)  0.017
1115 K   0.99324 0.00676 ( 1)  0.019
1116 E   0.99290 0.00710 ( 1)  0.019
1117 E   0.99290 0.00710 ( 1)  0.019
1118 L   0.99176 0.00824 ( 1)  0.020
1119 D   0.99788 0.00212 ( 1)  0.014
1120 K   0.99715 0.00285 ( 1)  0.015
1121 Y   0.99255 0.00745 ( 1)  0.019
1122 F   0.99742 0.00258 ( 1)  0.015
1123 K   0.99593 0.00407 ( 1)  0.016
1124 N   0.99833 0.00167 ( 1)  0.014
1125 H   0.99719 0.00281 ( 1)  0.015
1126 T   0.99523 0.00477 ( 1)  0.017
1127 S   0.99064 0.00936 ( 1)  0.021
1128 P   0.99445 0.00555 ( 1)  0.018
1129 D   0.99839 0.00161 ( 1)  0.014
1130 V   0.99712 0.00288 ( 1)  0.015
1131 D   0.99839 0.00161 ( 1)  0.014
1132 L   0.98164 0.01836 ( 1)  0.030
1133 G   0.99692 0.00308 ( 1)  0.015
1134 D   0.99431 0.00569 ( 1)  0.018
1135 I   0.99574 0.00426 ( 1)  0.016
1136 S   0.99764 0.00236 ( 1)  0.014
1137 G   0.98920 0.01080 ( 1)  0.023
1138 I   0.99753 0.00247 ( 1)  0.015
1139 N   0.99833 0.00167 ( 1)  0.014
1140 A   0.99803 0.00197 ( 1)  0.014
1141 S   0.98795 0.01205 ( 1)  0.024
1142 V   0.99704 0.00296 ( 1)  0.015
1143 V   0.99274 0.00726 ( 1)  0.019
1144 N   0.99597 0.00403 ( 1)  0.016
1145 I   0.99753 0.00247 ( 1)  0.015
1146 Q   0.99380 0.00620 ( 1)  0.018
1147 K   0.99615 0.00385 ( 1)  0.016
1148 E   0.99711 0.00289 ( 1)  0.015
1149 I   0.99793 0.00207 ( 1)  0.014
1150 D   0.99431 0.00569 ( 1)  0.018
1151 R   0.98381 0.01619 ( 1)  0.028
1152 L   0.98808 0.01192 ( 1)  0.024
1153 N   0.99833 0.00167 ( 1)  0.014
1154 E   0.99290 0.00710 ( 1)  0.019
1155 V   0.99774 0.00226 ( 1)  0.014
1156 A   0.99048 0.00952 ( 1)  0.021
1157 K   0.99593 0.00407 ( 1)  0.016
1158 N   0.99833 0.00167 ( 1)  0.014
1159 L   0.98999 0.01001 ( 1)  0.022
1160 N   0.99833 0.00167 ( 1)  0.014
1161 E   0.99711 0.00289 ( 1)  0.015
1162 S   0.99633 0.00367 ( 1)  0.016
1163 L   0.98808 0.01192 ( 1)  0.024
1164 I   0.99484 0.00516 ( 1)  0.017
1165 D   0.99788 0.00212 ( 1)  0.014
1166 L   0.98888 0.01112 ( 1)  0.023
1167 Q   0.99380 0.00620 ( 1)  0.018
1168 E   0.99594 0.00406 ( 1)  0.016
1169 L   0.99797 0.00203 ( 1)  0.014
1170 G   0.99427 0.00573 ( 1)  0.018
1171 K   0.99445 0.00555 ( 1)  0.018
1172 Y   0.99758 0.00242 ( 1)  0.014
1173 E   0.99379 0.00621 ( 1)  0.018
1174 Q   0.98856 0.01144 ( 1)  0.023
1175 Y   0.99641 0.00359 ( 1)  0.016
1176 I   0.99530 0.00470 ( 1)  0.017
1177 K   0.99715 0.00285 ( 1)  0.015
1178 W   0.98158 0.01842 ( 1)  0.030
1179 P   0.99515 0.00485 ( 1)  0.017
1180 W   0.98158 0.01842 ( 1)  0.030
1181 Y   0.98863 0.01137 ( 1)  0.023
1182 I   0.99793 0.00207 ( 1)  0.014
1183 W   0.98158 0.01842 ( 1)  0.030
1184 L   0.99329 0.00671 ( 1)  0.019
1185 G   0.99833 0.00167 ( 1)  0.014
1186 F   0.99829 0.00171 ( 1)  0.014
1187 I   0.99607 0.00393 ( 1)  0.016
1188 A   0.99803 0.00197 ( 1)  0.014
1189 G   0.98825 0.01175 ( 1)  0.024
1190 L   0.98679 0.01321 ( 1)  0.025
1191 I   0.99793 0.00207 ( 1)  0.014
1192 A   0.99439 0.00561 ( 1)  0.018
1193 I   0.99530 0.00470 ( 1)  0.017
1194 V   0.63693 0.36307 ( 1)  0.371
1195 M   0.99743 0.00257 ( 1)  0.015
1196 V   0.99066 0.00934 ( 1)  0.021
1197 T   0.99362 0.00638 ( 1)  0.018
1198 I   0.99733 0.00267 ( 1)  0.015
1199 M   0.99743 0.00257 ( 1)  0.015
1200 L   0.99617 0.00383 ( 1)  0.016
1201 C   0.99299 0.00701 ( 1)  0.019
1202 C   0.99792 0.00208 ( 1)  0.014
1203 M   0.99743 0.00257 ( 1)  0.015
1204 T   0.99440 0.00560 ( 1)  0.018
1205 S   0.99879 0.00121 ( 1)  0.013
1206 C   0.98744 0.01256 ( 1)  0.024
1207 C   0.99665 0.00335 ( 1)  0.015
1208 S   0.99879 0.00121 ( 1)  0.013
1209 C   0.99600 0.00400 ( 1)  0.016
1210 L   0.98808 0.01192 ( 1)  0.024
1211 K   0.99324 0.00676 ( 1)  0.019
1212 G   0.99412 0.00588 ( 1)  0.018
1213 C   0.99792 0.00208 ( 1)  0.014
1214 C   0.99600 0.00400 ( 1)  0.016
1215 S   0.99764 0.00236 ( 1)  0.014
1216 C   0.99062 0.00938 ( 1)  0.021
1217 G   0.99568 0.00432 ( 1)  0.016
1218 S   0.99132 0.00868 ( 1)  0.021
1219 C   0.98744 0.01256 ( 1)  0.024
1220 C   0.98744 0.01256 ( 1)  0.024
1221 K   0.99715 0.00285 ( 1)  0.015
1222 F   0.99829 0.00171 ( 1)  0.014
1223 D   0.99839 0.00161 ( 1)  0.014
1224 E   0.99711 0.00289 ( 1)  0.015
1225 D   0.99431 0.00569 ( 1)  0.018
1226 D   0.99601 0.00399 ( 1)  0.016
1227 S   0.99633 0.00367 ( 1)  0.016
1228 E   0.99425 0.00575 ( 1)  0.018
1229 P   0.99515 0.00485 ( 1)  0.017
1230 V   0.99232 0.00768 ( 1)  0.020
1231 L   0.98580 0.01420 ( 1)  0.026
1232 K   0.99715 0.00285 ( 1)  0.015
1233 G   0.99427 0.00573 ( 1)  0.018
1234 V   0.99079 0.00921 ( 1)  0.021
1235 K   0.99715 0.00285 ( 1)  0.015
1236 L   0.99321 0.00679 ( 1)  0.019
1237 H   0.99841 0.00159 ( 1)  0.014
1238 Y   0.98863 0.01137 ( 1)  0.023
1239 T   0.99523 0.00477 ( 1)  0.017


lnL = -7560.580021

