

TREE # 1

  0  0.0000   9374.567461  x:  0.09576   0.04990   0.09790   0.03965   0.03290   0.05492   0.06582   0.02209   0.07848   0.01761   0.08676   0.01248   0.10115   0.09221   0.09586   0.03716   0.03770   2.00000   0.86137   0.10744  
  1 99.0000   8510.449497  x:  0.08207   0.03627   0.08435   0.02577   0.01940   0.04180   0.05326   0.00809   0.06470   0.00548   0.07482   0.00000   0.08851   0.10311   0.10892   0.19330   0.02485   1.99998   0.86751   0.08720  
  2 11925.7643   8423.964586  x:  0.07596   0.03022   0.07831   0.01956   0.01351   0.03607   0.04781   0.00182   0.05855   0.00000   0.06958   0.00000   0.08295   0.10464   0.11102   0.19304   0.01941   1.99997   0.87023   0.07806  
  3 4131.9001   8400.915602  x:  0.07419   0.02849   0.07657   0.01776   0.01189   0.03445   0.04628   0.00000   0.05676   0.00000   0.06809   0.00000   0.08135   0.10502   0.11153   0.19298   0.01796   1.99997   0.87126   0.07564  
  4 1160376.9891   8220.940517  x:  0.05678   0.01256   0.05952   0.00000   0.00637   0.02059   0.03291   0.00000   0.03913   0.00000   0.05361   0.00000   0.06570   0.10641   0.11568   0.19255   0.01256   1.99995   0.87641   0.05403  
  5 38581.7578   8117.517447  x:  0.03848   0.00621   0.04231   0.00000   0.00325   0.01812   0.02778   0.00000   0.02059   0.00000   0.04281   0.00000   0.05014   0.11296   0.12083   0.19183   0.00000   1.99988   0.88207   0.04350  
  6 9728.4579   8078.902742  x:  0.03204   0.00466   0.03628   0.00000   0.00000   0.01781   0.02627   0.00000   0.01408   0.00000   0.03928   0.00000   0.04469   0.11652   0.12336   0.19150   0.00000   1.99985   0.88390   0.03943  
  7 19730.1173   7990.685055  x:  0.01802   0.00137   0.02314   0.00000   0.00006   0.01650   0.02224   0.00000   0.00000   0.00000   0.03163   0.00000   0.03278   0.12684   0.13040   0.19060   0.00000   1.99978   0.88907   0.02810  
  8 28658.2840   7906.583775  x:  0.00000   0.00584   0.00647   0.00000   0.00009   0.01225   0.01595   0.00000   0.00000   0.00000   0.02183   0.00000   0.01760   0.13708   0.13779   0.18966   0.00000   1.99970   0.89518   0.01377  
  9 36103.0601   7902.754875  x:  0.00000   0.00568   0.00529   0.00000   0.00010   0.01119   0.01543   0.00000   0.00000   0.00000   0.02133   0.00000   0.01614   0.13711   0.13795   0.18964   0.00000   1.99969   0.89475   0.01403  
 10 2084.6110   7902.754875  x:  0.00000   0.00568   0.00529   0.00000   0.00010   0.01119   0.01543   0.00000   0.00000   0.00000   0.02133   0.00000   0.01614   0.13711   0.13795   0.18964   0.00000   1.99969   0.89475   0.01403  
 11 323054.1044   7886.097800  x:  0.00000   0.00568   0.00529   0.00000   0.00012   0.01118   0.01542   0.00000   0.00000   0.00000   0.02133   0.00002   0.01614   0.13711   0.13795   0.18965   0.00281   1.99969   0.89475   0.01402  
 12 705585.2353   7880.786402  x:  0.00000   0.00430   0.00392   0.00000   0.00736   0.00997   0.01438   0.00000   0.00000   0.00000   0.02025   0.00510   0.01479   0.13715   0.13814   0.19195   0.00279   1.99969   0.89588   0.01287  
 13 6924.0125   7853.388459  x:  0.00000   0.00029   0.00000   0.00000   0.00762   0.00630   0.01123   0.00000   0.00000   0.00000   0.01689   0.00460   0.01053   0.13728   0.13873   0.19884   0.00279   1.99968   0.89922   0.00960  
 14 3508.9107   7852.392464  x:  0.00000   0.00010   0.00001   0.00000   0.00763   0.00613   0.01108   0.00000   0.00000   0.00000   0.01673   0.00457   0.01032   0.13729   0.13875   0.19917   0.00279   1.99967   0.89938   0.00945  
 15 26661.4863   7817.341850  x:  0.00000   0.00030   0.00002   0.00000   0.00810   0.00043   0.00617   0.00000   0.00000   0.00000   0.01145   0.00384   0.00362   0.13748   0.13966   0.20998   0.00279   1.99966   0.90463   0.00435  
 16 21341.7312   7802.981851  x:  0.00000   0.00037   0.00002   0.00000   0.00834   0.00113   0.00391   0.00000   0.00000   0.00000   0.00881   0.00348   0.00023   0.13756   0.14010   0.21547   0.00279   1.99965   0.90729   0.00195  
 17 14000.7528   7793.420664  x:  0.00000   0.00043   0.00003   0.00000   0.00854   0.00164   0.00247   0.00000   0.00000   0.00000   0.00629   0.00314   0.00130   0.13760   0.14052   0.22104   0.00279   1.99964   0.90994   0.00000  
 18 6380.2830   7793.420664  x:  0.00000   0.00043   0.00003   0.00000   0.00854   0.00164   0.00247   0.00000   0.00000   0.00000   0.00629   0.00314   0.00130   0.13760   0.14052   0.22104   0.00279   1.99964   0.90994   0.00000  
 19 5606.9149   7790.795837  x:  0.00000   0.00045   0.00094   0.00000   0.00851   0.00165   0.00250   0.00000   0.00000   0.00000   0.00628   0.00312   0.00129   0.13760   0.14052   0.22107   0.00279   1.99964   0.90995   0.00001  
 20 37383.1445   7781.586024  x:  0.00000   0.00313   0.00092   0.00000   0.00535   0.00324   0.00574   0.00000   0.00000   0.00000   0.00565   0.00069   0.00020   0.13748   0.14066   0.22458   0.00230   1.99963   0.91134   0.00086  
 21 2599.6569   7779.642453  x:  0.00000   0.00353   0.00092   0.00000   0.00441   0.00353   0.00643   0.00000   0.00000   0.00000   0.00548   0.00020   0.00081   0.13744   0.14070   0.22564   0.00221   1.99963   0.91176   0.00111  
 22 8738.5859   7772.776715  x:  0.00000   0.00444   0.00092   0.00000   0.00055   0.00432   0.00868   0.00000   0.00000   0.00000   0.00485   0.00151   0.00186   0.13729   0.14087   0.23003   0.00194   1.99962   0.91353   0.00211  
 23 8414.9040   7770.742166  x:  0.00000   0.00400   0.00092   0.00000   0.00011   0.00415   0.00881   0.00000   0.00000   0.00000   0.00476   0.00136   0.00172   0.13723   0.14093   0.23168   0.00208   1.99962   0.91422   0.00244  
 24 3076.6123   7742.991901  x:  0.00000   0.00000   0.00093   0.00000   0.00023   0.00315   0.01304   0.00000   0.00000   0.00000   0.00302   0.00109   0.00135   0.13640   0.14190   0.25617   0.00323   1.99956   0.92434   0.00747  
 25 18133.9989   7721.360909  x:  0.00000   0.00004   0.00093   0.00000   0.00034   0.00035   0.01417   0.00000   0.00000   0.00000   0.00187   0.00102   0.00126   0.13563   0.14281   0.27903   0.00513   1.99951   0.93385   0.01201  
 26 33949.3905   7653.795785  x:  0.00000   0.00014   0.00093   0.00000   0.00071   0.00591   0.00871   0.00000   0.00000   0.00000   0.00447   0.00082   0.00103   0.13187   0.14715   0.38914   0.01462   1.99924   0.98029   0.03214  
 27 36333.2265   7629.291667  x:  0.00000   0.00011   0.00093   0.00000   0.00054   0.00444   0.00556   0.00000   0.00000   0.00000   0.00703   0.00042   0.00057   0.13014   0.14738   0.41754   0.00150   1.99913   0.98403   0.02510  
 28 2481.9899   7613.329494  x:  0.00000   0.00013   0.00093   0.00000   0.00058   0.00538   0.00452   0.00000   0.00000   0.00000   0.00520   0.00035   0.00050   0.12746   0.14664   0.44819   0.00271   1.99895   0.97300   0.01156  
 29 2096.0530   7606.873185  x:  0.00000   0.00013   0.00093   0.00000   0.00058   0.00547   0.00337   0.00000   0.00000   0.00000   0.00639   0.00026   0.00038   0.12573   0.14573   0.46241   0.00088   1.99882   0.96228   0.01348  
 30 2019.8749   7605.803436  x:  0.00000   0.00013   0.00093   0.00000   0.00059   0.00474   0.00449   0.00000   0.00000   0.00000   0.01006   0.00033   0.00046   0.12504   0.14517   0.46533   0.00130   1.99877   0.96019   0.01336  
 31 859.1080   7605.371596  x:  0.00000   0.00013   0.00093   0.00000   0.00059   0.00480   0.00439   0.00000   0.00000   0.00000   0.00979   0.00032   0.00046   0.11734   0.13594   0.46592   0.00136   1.99813   0.96079   0.01345  
 32 68.2882   7604.916583  x:  0.00000   0.00012   0.00093   0.00000   0.00060   0.00474   0.00435   0.00000   0.00000   0.00000   0.00964   0.00032   0.00045   0.13067   0.12350   0.46905   0.00141   1.98362   0.96085   0.01357  
 33  6.1040   7593.656182  x:  0.00000   0.00002   0.00094   0.00000   0.00074   0.00335   0.00357   0.00000   0.00000   0.00000   0.00572   0.00020   0.00028   0.12337   0.13642   0.51960   0.00271   1.64087   0.96106   0.01613  
 34 37.2897   7591.942843  x:  0.00000   0.00001   0.00094   0.00000   0.00077   0.00315   0.00353   0.00000   0.00000   0.00000   0.00521   0.00021   0.00028   0.12379   0.13675   0.52826   0.00284   1.75285   0.96072   0.01647  
 35  9.7967   7584.510653  x:  0.00000   0.00003   0.00093   0.00000   0.00086   0.00426   0.00407   0.00000   0.00000   0.00000   0.00205   0.00071   0.00073   0.12267   0.13888   0.56627   0.00293   2.02125   0.95695   0.01693  
 36  1.3887   7584.424449  x:  0.00000   0.00003   0.00093   0.00000   0.00086   0.00429   0.00408   0.00000   0.00000   0.00045   0.00197   0.00072   0.00075   0.12263   0.13894   0.56733   0.00294   2.02873   0.95685   0.01695  
 37 7590.1483   7579.116267  x:  0.00000   0.00003   0.00093   0.00000   0.00089   0.00407   0.00481   0.00000   0.00000   0.00000   0.00344   0.00095   0.00096   0.12106   0.13841   0.58863   0.00238   2.03603   0.95581   0.01573  
 38  0.2671   7574.051559  x:  0.00000   0.00003   0.00093   0.00000   0.00096   0.00351   0.00666   0.00000   0.00000   0.00000   0.00708   0.00152   0.00149   0.11708   0.13699   0.64168   0.00097   2.04671   0.95327   0.01266  
 39 506.9384   7569.459055  x:  0.00000   0.00003   0.00093   0.00000   0.00106   0.00347   0.00362   0.00000   0.00000   0.00000   0.00878   0.00143   0.00135   0.11865   0.14578   0.70432   0.00304   2.25128   0.94939   0.01320  
 40  0.3100   7566.127308  x:  0.00000   0.00003   0.00092   0.00000   0.00123   0.00326   0.00488   0.00000   0.00000   0.00000   0.01038   0.00173   0.00161   0.11831   0.15094   0.82473   0.00388   2.22397   0.94625   0.01147  
 41  0.1371   7566.127308  x:  0.00000   0.00003   0.00092   0.00000   0.00123   0.00326   0.00488   0.00000   0.00000   0.00000   0.01038   0.00173   0.00161   0.11831   0.15094   0.82473   0.00388   2.22397   0.94625   0.01147  
 42  0.0630   7566.127308  x:  0.00000   0.00003   0.00092   0.00000   0.00123   0.00326   0.00488   0.00000   0.00000   0.00000   0.01038   0.00173   0.00161   0.11831   0.15094   0.82473   0.00388   2.22397   0.94625   0.01147  
 43  4.0728   7563.688618  x:  0.00000   0.00088   0.00092   0.00000   0.00122   0.00325   0.00488   0.00000   0.00000   0.00000   0.01037   0.00172   0.00160   0.11831   0.15094   0.82473   0.00387   2.22397   0.94625   0.01147  
 44 32871.3645   7562.446697  x:  0.00000   0.00088   0.00077   0.00000   0.00060   0.00281   0.00499   0.00000   0.00000   0.00000   0.00944   0.00077   0.00078   0.11831   0.15092   0.82476   0.00317   2.22397   0.94635   0.01163  
 45 1074.3768   7561.876227  x:  0.00000   0.00088   0.00092   0.00000   0.00117   0.00236   0.00512   0.00000   0.00000   0.00000   0.00799   0.00055   0.00067   0.11831   0.15090   0.82480   0.00233   2.22396   0.94653   0.01180  
 46 981.5140   7561.462710  x:  0.00000   0.00088   0.00087   0.00000   0.00098   0.00210   0.00522   0.00000   0.00000   0.00000   0.00656   0.00094   0.00084   0.11831   0.15087   0.82484   0.00181   2.22395   0.94674   0.01194  
 47 1502.9745   7561.163657  x:  0.00000   0.00088   0.00089   0.00000   0.00095   0.00231   0.00527   0.00000   0.00000   0.00000   0.00513   0.00079   0.00101   0.11831   0.15083   0.82490   0.00221   2.22394   0.94703   0.01200  
 48 789.2639   7561.142326  x:  0.00000   0.00088   0.00088   0.00000   0.00098   0.00236   0.00525   0.00000   0.00000   0.00000   0.00502   0.00087   0.00087   0.11831   0.15082   0.82491   0.00226   2.22394   0.94713   0.01198  
 49 222.2775   7561.083305  x:  0.00000   0.00088   0.00087   0.00000   0.00097   0.00256   0.00499   0.00000   0.00000   0.00000   0.00496   0.00083   0.00088   0.11828   0.15062   0.82517   0.00210   2.22388   0.94856   0.01172  
 50 92.8935   7561.004595  x:  0.00000   0.00088   0.00091   0.00000   0.00096   0.00220   0.00490   0.00000   0.00000   0.00000   0.00496   0.00085   0.00087   0.11824   0.15029   0.82559   0.00225   2.22380   0.95069   0.01180  
 51 397.2679   7560.957514  x:  0.00000   0.00088   0.00076   0.00000   0.00099   0.00229   0.00508   0.00000   0.00000   0.00000   0.00501   0.00084   0.00088   0.11820   0.15004   0.82588   0.00223   2.22374   0.95202   0.01222  
 52 395.5272   7560.941771  x:  0.00000   0.00088   0.00088   0.00000   0.00096   0.00235   0.00516   0.00000   0.00000   0.00000   0.00503   0.00084   0.00087   0.11818   0.14994   0.82600   0.00221   2.22372   0.95249   0.01241  
 53 537.1496   7560.928582  x:  0.00000   0.00088   0.00087   0.00000   0.00096   0.00235   0.00491   0.00000   0.00000   0.00000   0.00502   0.00084   0.00087   0.11785   0.14889   0.82685   0.00221   2.22351   0.95253   0.01256  
 54 19.9718   7560.887962  x:  0.00000   0.00088   0.00087   0.00000   0.00096   0.00235   0.00513   0.00000   0.00000   0.00000   0.00502   0.00084   0.00087   0.11684   0.14546   0.82968   0.00220   2.22282   0.95265   0.01237  
 55 251.0038   7560.765484  x:  0.00000   0.00088   0.00088   0.00000   0.00097   0.00236   0.00515   0.00000   0.00000   0.00000   0.00504   0.00085   0.00088   0.12535   0.13997   0.84828   0.00221   2.21798   0.95200   0.01224  
 56 20.2787   7560.704310  x:  0.00000   0.00088   0.00088   0.00000   0.00097   0.00236   0.00517   0.00000   0.00000   0.00000   0.00506   0.00085   0.00088   0.12069   0.14511   0.86306   0.00222   2.21260   0.95151   0.01210  
 57 11.7676   7560.631919  x:  0.00000   0.00088   0.00088   0.00000   0.00096   0.00237   0.00516   0.00000   0.00000   0.00000   0.00508   0.00085   0.00088   0.12055   0.14495   0.85628   0.00224   2.13335   0.95182   0.01215  
 58  1.8177   7560.584269  x:  0.00000   0.00088   0.00086   0.00000   0.00089   0.00254   0.00508   0.00000   0.00000   0.00000   0.00548   0.00090   0.00092   0.12052   0.14481   0.85620   0.00249   2.13697   0.95180   0.01204  
 59  0.0043   7560.580860  x:  0.00000   0.00088   0.00085   0.00000   0.00084   0.00254   0.00510   0.00000   0.00000   0.00000   0.00538   0.00089   0.00091   0.12053   0.14481   0.85622   0.00253   2.13644   0.95181   0.01207  
 60  0.0007   7560.580625  x:  0.00000   0.00088   0.00085   0.00000   0.00085   0.00254   0.00510   0.00000   0.00000   0.00000   0.00536   0.00089   0.00091   0.12053   0.14481   0.85623   0.00254   2.13636   0.95181   0.01208  
 61  0.0001   7560.580478  x:  0.00000   0.00087   0.00085   0.00000   0.00085   0.00254   0.00510   0.00000   0.00000   0.00000   0.00537   0.00088   0.00091   0.12053   0.14482   0.85624   0.00256   2.13646   0.95180   0.01207  
 62  0.0000   7560.580071  x:  0.00000   0.00085   0.00085   0.00000   0.00085   0.00254   0.00510   0.00000   0.00000   0.00000   0.00537   0.00089   0.00092   0.12053   0.14480   0.85621   0.00254   2.13633   0.95182   0.01208  
 63  0.0000   7560.580021  x:  0.00000   0.00085   0.00085   0.00000   0.00085   0.00254   0.00510   0.00000   0.00000   0.00000   0.00536   0.00089   0.00091   0.12053   0.14481   0.85623   0.00254   2.13641   0.95181   0.01207  
 64  0.0001   7560.580021  x:  0.00000   0.00085   0.00085   0.00000   0.00085   0.00254   0.00510   0.00000   0.00000   0.00000   0.00536   0.00089   0.00091   0.12053   0.14481   0.85623   0.00254   2.13641   0.95181   0.01207  
 65  0.0000   7560.580021  x:  0.00000   0.00085   0.00085   0.00000   0.00085   0.00254   0.00510   0.00000   0.00000   0.00000   0.00536   0.00089   0.00091   0.12053   0.14481   0.85623   0.00254   2.13641   0.95181   0.01207  
check convergence!
