

TREE # 1

  0  0.0000   9459.581988  x:  0.04675   0.09326   0.07223   0.03275   0.03052   0.05970   0.02155   0.06562   0.04169   0.03454   0.04612   0.04826   0.04396   0.07367   0.07692   0.04425   0.04821   2.00000   0.90000   0.95838   1.61218  
  1 99.0000   8371.911345  x:  0.01804   0.06511   0.04404   0.00404   0.00271   0.03253   0.00000   0.03707   0.01302   0.00851   0.02234   0.02157   0.01766   0.09778   0.10677   0.31323   0.02123   2.00039   0.91173   0.95173   1.61548  
  2 10507.0208   8307.418345  x:  0.01520   0.06232   0.04125   0.00121   0.00000   0.02985   0.00323   0.03425   0.01020   0.00593   0.01999   0.01893   0.01506   0.10012   0.10968   0.33921   0.01856   2.00043   0.91290   0.95107   1.61580  
  3 292037.6516   8283.791872  x:  0.01398   0.06113   0.04005   0.00000   0.00173   0.02870   0.00453   0.03304   0.00899   0.00483   0.01899   0.01779   0.01395   0.10109   0.11088   0.34988   0.01742   2.00045   0.91340   0.95079   1.61594  
  4 171520.3294   8226.942683  x:  0.00827   0.05557   0.03452   0.00000   0.00173   0.02359   0.00456   0.02736   0.00331   0.00000   0.01517   0.01268   0.00899   0.10195   0.11210   0.34963   0.01268   2.00055   0.91579   0.94947   1.61660  
  5 3667.0331   8200.743873  x:  0.00498   0.05239   0.03139   0.00000   0.00173   0.02107   0.00458   0.02406   0.00000   0.00000   0.01500   0.01017   0.00689   0.10206   0.11238   0.34960   0.01118   2.00062   0.91723   0.94885   1.61695  
  6 44208.4415   8171.127759  x:  0.00000   0.04766   0.02685   0.00000   0.00173   0.01813   0.00460   0.01905   0.00000   0.00000   0.01311   0.00761   0.00589   0.10200   0.11248   0.34959   0.01042   2.00072   0.91943   0.94804   1.61742  
  7 33426.3036   8109.454101  x:  0.00000   0.03126   0.01242   0.00000   0.00173   0.01407   0.00464   0.00141   0.00000   0.00000   0.01116   0.01035   0.00443   0.10390   0.11458   0.34928   0.00042   2.00104   0.92692   0.94498   1.61916  
  8 8326.2986   8104.228786  x:  0.00000   0.02993   0.01129   0.00000   0.00173   0.01376   0.00464   0.00000   0.00000   0.00000   0.01096   0.01080   0.00370   0.10435   0.11505   0.34921   0.00044   2.00106   0.92749   0.94465   1.61932  
  9 8947.9088   8063.175001  x:  0.00000   0.00883   0.00000   0.00000   0.00173   0.00649   0.00462   0.00000   0.00000   0.00000   0.01218   0.00575   0.00791   0.11327   0.12508   0.34773   0.00048   2.00135   0.93594   0.93683   1.62267  
 10 2498.4686   8051.473361  x:  0.00000   0.00062   0.00001   0.00000   0.00173   0.00380   0.00462   0.00000   0.00000   0.00000   0.01240   0.00463   0.00866   0.11578   0.12792   0.34732   0.00049   2.00148   0.93940   0.93433   1.62381  
 11 8672.7385   8033.040831  x:  0.00000   0.00167   0.00002   0.00000   0.00173   0.00182   0.00460   0.00000   0.00000   0.00000   0.01260   0.00000   0.00829   0.11806   0.13148   0.34691   0.00043   2.00270   0.96874   0.92097   1.63100  
 12 804.1158   8031.908731  x:  0.00000   0.00196   0.00002   0.00000   0.00173   0.00091   0.00460   0.00000   0.00000   0.00000   0.01263   0.00005   0.00838   0.11814   0.13176   0.34688   0.00043   2.00282   0.97139   0.91965   1.63169  
 13 6624.8115   8012.130593  x:  0.00000   0.00175   0.00002   0.00000   0.00173   0.00078   0.00461   0.00000   0.00000   0.00000   0.01171   0.00004   0.00792   0.11483   0.13330   0.34704   0.00041   2.00402   0.99999   0.90184   1.64012  
 14 2132.4513   7994.390528  x:  0.00000   0.00102   0.00001   0.00000   0.00173   0.00035   0.00463   0.00000   0.00000   0.00000   0.00884   0.00000   0.00634   0.10379   0.13772   0.34760   0.00037   2.00773   0.99999   0.84731   1.66605  
 15 951486.0430   7981.711591  x:  0.00000   0.00180   0.00002   0.00000   0.00172   0.00073   0.00470   0.00000   0.00000   0.00000   0.00477   0.00004   0.00782   0.06687   0.19184   0.34586   0.00037   2.01998   0.99999   0.78612   1.70963  
 16 750.1645   7976.279734  x:  0.00000   0.00174   0.00002   0.00000   0.00172   0.00080   0.00474   0.00000   0.00000   0.00000   0.00164   0.00005   0.00717   0.07222   0.18510   0.34626   0.00035   2.06482   0.99999   0.79946   1.77598  
 17 90.3716   7976.108682  x:  0.00000   0.00174   0.00002   0.00000   0.00172   0.00080   0.00474   0.00000   0.00000   0.00070   0.00140   0.00005   0.00711   0.07264   0.18453   0.34630   0.00035   2.06877   0.99999   0.80062   1.78182  
 18 4910.4695   7941.923085  x:  0.00000   0.00155   0.00002   0.00000   0.00172   0.00110   0.00433   0.00000   0.00000   0.00054   0.00267   0.00010   0.00023   0.07420   0.16288   0.34921   0.00032   2.34203   0.99999   0.87519   2.18912  
 19 571.5336   7919.125254  x:  0.00000   0.00037   0.00000   0.00000   0.00171   0.00145   0.00399   0.00000   0.00000   0.00032   0.00548   0.00008   0.00549   0.11408   0.19736   0.34569   0.00064   2.83257   0.99999   0.99988   2.95647  
 20 357.5331   7911.447288  x:  0.00000   0.00457   0.00005   0.00000   0.00173   0.00135   0.00440   0.00000   0.00000   0.00044   0.00645   0.00007   0.00881   0.11104   0.15471   0.35199   0.00069   2.98645   0.99999   1.11681   3.41958  
 21 23.0644   7901.600136  x:  0.00000   0.00272   0.00004   0.00000   0.00173   0.00152   0.00428   0.00000   0.00000   0.00040   0.00645   0.00015   0.00978   0.09653   0.11296   0.36745   0.00088   2.61878   0.99999   1.22167   3.80529  
 22  6.0630   7883.311293  x:  0.00000   0.00265   0.00004   0.00000   0.00170   0.00135   0.00221   0.00000   0.00000   0.00000   0.00642   0.00015   0.00847   0.10529   0.13839   0.40571   0.00119   1.82398   0.99999   1.38628   4.50492  
 23  5.8758   7860.664854  x:  0.00000   0.00117   0.00004   0.00000   0.00168   0.00083   0.00044   0.00000   0.00000   0.00000   0.00584   0.00014   0.00794   0.07958   0.16324   0.44998   0.00139   2.19889   0.99999   1.27889   4.49421  
 24  6.2398   7844.703150  x:  0.00000   0.00010   0.00004   0.00000   0.00167   0.00040   0.00140   0.00000   0.00000   0.00000   0.00575   0.00016   0.00809   0.06264   0.17908   0.47578   0.00056   2.40013   0.99999   1.21767   4.62027  
 25  2.1880   7840.090303  x:  0.00000   0.00107   0.00003   0.00000   0.00166   0.00018   0.00187   0.00000   0.00000   0.00000   0.00574   0.00016   0.00817   0.05764   0.18843   0.49005   0.00026   2.52368   0.99999   1.20101   4.73045  
 26  2.4541   7828.033308  x:  0.00000   0.00229   0.00003   0.00000   0.00159   0.00038   0.00313   0.00000   0.00000   0.00000   0.00459   0.00000   0.00604   0.05313   0.20849   0.52935   0.00240   2.89292   0.99999   1.24346   5.13060  
 27  1.7363   7814.951899  x:  0.00000   0.00215   0.00001   0.00000   0.00151   0.00122   0.00333   0.00000   0.00000   0.00000   0.00523   0.00009   0.00405   0.09112   0.19388   0.59915   0.00120   2.92240   0.99999   1.53842   6.45179  
 28  1.2261   7814.930374  x:  0.00000   0.00215   0.00001   0.00000   0.00151   0.00122   0.00334   0.00000   0.00000   0.00000   0.00523   0.00009   0.00404   0.09131   0.19381   0.59949   0.00119   2.92254   0.99882   1.53986   6.45827  
 29 218.8847   7807.769867  x:  0.00000   0.00149   0.00002   0.00000   0.00143   0.00054   0.00333   0.00000   0.00000   0.00000   0.00420   0.00008   0.00088   0.08203   0.18402   0.66133   0.00132   2.79318   0.99538   1.72396   7.62516  
 30  0.5985   7807.769867  x:  0.00000   0.00149   0.00002   0.00000   0.00143   0.00054   0.00333   0.00000   0.00000   0.00000   0.00420   0.00008   0.00088   0.08203   0.18402   0.66133   0.00132   2.79318   0.99538   1.72396   7.62516  
 31 503.4444   7803.354425  x:  0.00000   0.00147   0.00167   0.00000   0.00142   0.00066   0.00335   0.00000   0.00000   0.00000   0.00421   0.00037   0.00088   0.08203   0.18402   0.66133   0.00135   2.79318   0.99538   1.72396   7.62516  
 32 62144.1597   7800.213985  x:  0.00000   0.00116   0.00148   0.00000   0.00112   0.00293   0.00378   0.00000   0.00000   0.00000   0.00443   0.00146   0.00092   0.08209   0.18393   0.66129   0.00206   2.79317   0.99538   1.72388   7.62518  
 33 4084.4586   7799.650465  x:  0.00000   0.00068   0.00154   0.00000   0.00069   0.00296   0.00449   0.00000   0.00000   0.00000   0.00485   0.00104   0.00093   0.08224   0.18374   0.66120   0.00260   2.79316   0.99539   1.72368   7.62522  
 34 838.3698   7799.437449  x:  0.00000   0.00098   0.00156   0.00000   0.00097   0.00298   0.00512   0.00000   0.00000   0.00000   0.00527   0.00087   0.00093   0.08245   0.18345   0.66107   0.00289   2.79314   0.99539   1.72339   7.62527  
 35 639.6875   7799.241690  x:  0.00000   0.00096   0.00149   0.00000   0.00095   0.00267   0.00571   0.00000   0.00000   0.00000   0.00580   0.00142   0.00091   0.08301   0.18269   0.66073   0.00264   2.79310   0.99541   1.72263   7.62542  
 36 407.5086   7798.533231  x:  0.00000   0.00090   0.00154   0.00000   0.00088   0.00310   0.00594   0.00000   0.00000   0.00000   0.00649   0.00104   0.00101   0.08552   0.17925   0.65919   0.00152   2.79289   0.99546   1.71914   7.62609  
 37 564.3511   7791.471671  x:  0.00000   0.00079   0.00155   0.00000   0.00095   0.00308   0.00356   0.00000   0.00000   0.00000   0.00914   0.00095   0.00018   0.11081   0.14440   0.64349   0.00227   2.79079   0.99589   1.68372   7.63290  
 38 3284.1150   7789.715695  x:  0.00000   0.00078   0.00155   0.00000   0.00097   0.00300   0.00259   0.00000   0.00000   0.00000   0.01011   0.00097   0.00090   0.12163   0.12948   0.63676   0.00267   2.78989   0.99606   1.66853   7.63583  
 39 104918.0308   7786.541030  x:  0.00000   0.00142   0.00153   0.00000   0.00035   0.00291   0.00452   0.00000   0.00000   0.00000   0.00667   0.00108   0.00095   0.13471   0.11134   0.62835   0.00259   2.78875   0.99606   1.64929   7.63952  
 40 5743.4218   7785.857887  x:  0.00000   0.00091   0.00153   0.00000   0.00093   0.00289   0.00513   0.00000   0.00000   0.00000   0.00563   0.00111   0.00097   0.13818   0.10654   0.62608   0.00253   2.78844   0.99602   1.64406   7.64053  
 41 13020.2765   7774.184619  x:  0.00000   0.00095   0.00153   0.00000   0.00094   0.00287   0.00531   0.00000   0.00000   0.00000   0.00533   0.00114   0.00104   0.16098   0.11776   0.56414   0.00264   2.77522   0.94985   1.43549   7.67974  
 42 249.8870   7702.459230  x:  0.00000   0.00091   0.00152   0.00000   0.00098   0.00280   0.00591   0.00000   0.00000   0.00000   0.00367   0.00118   0.00115   0.19039   0.16892   0.37020   0.00272   2.72260   0.98612   0.61039   7.83368  
 43 1939.5082   7667.592272  x:  0.00000   0.00091   0.00152   0.00000   0.00097   0.00282   0.00571   0.00000   0.00000   0.00000   0.00417   0.00116   0.00111   0.17282   0.15943   0.35005   0.00267   2.69626   0.97925   0.21927   7.90432  
 44 2711.1890   7666.503794  x:  0.00000   0.00091   0.00152   0.00000   0.00098   0.00280   0.00595   0.00000   0.00000   0.00000   0.00360   0.00119   0.00116   0.18949   0.16776   0.36168   0.00273   2.69249   0.98064   0.20189   7.91147  
 45 111.2952   7626.981746  x:  0.00000   0.00090   0.00152   0.00000   0.00098   0.00280   0.00592   0.00000   0.00000   0.00000   0.00372   0.00117   0.00115   0.17633   0.15907   0.42394   0.00272   1.51593   0.97038   0.27391  10.05162  
 46 21.0225   7589.251210  x:  0.00000   0.00086   0.00152   0.00000   0.00097   0.00278   0.00589   0.00000   0.00000   0.00000   0.00373   0.00113   0.00115   0.14309   0.14199   0.60614   0.00271   2.66340   0.94578   0.41908  13.98181  
 47 40.4700   7577.931589  x:  0.00000   0.00076   0.00154   0.00000   0.00097   0.00279   0.00524   0.00000   0.00000   0.00000   0.00772   0.00095   0.00103   0.09734   0.12555   0.64212   0.00259   2.33105   0.95361   0.36959  14.65924  
 48  1.2148   7567.776587  x:  0.00000   0.00073   0.00153   0.00000   0.00104   0.00267   0.00523   0.00000   0.00000   0.00000   0.01223   0.00082   0.00113   0.12661   0.14715   0.71090   0.00270   1.97125   0.95995   0.32197  15.51901  
 49  1.1428   7563.135442  x:  0.00000   0.00126   0.00146   0.00000   0.00074   0.00257   0.00471   0.00000   0.00000   0.00000   0.00700   0.00114   0.00097   0.11500   0.14232   0.76499   0.00238   1.87417   0.95348   0.23576  16.31749  
 50  0.5979   7561.412866  x:  0.00000   0.00113   0.00145   0.00000   0.00069   0.00259   0.00485   0.00000   0.00000   0.00000   0.00424   0.00108   0.00093   0.11490   0.14307   0.80303   0.00235   2.01372   0.95415   0.27652  17.06331  
 51  1.0269   7560.692209  x:  0.00000   0.00077   0.00145   0.00000   0.00082   0.00256   0.00512   0.00000   0.00000   0.00000   0.00576   0.00092   0.00097   0.12057   0.14635   0.82904   0.00250   2.11089   0.95522   0.28600  17.44605  
 52  0.4610   7560.531129  x:  0.00000   0.00083   0.00142   0.00000   0.00083   0.00255   0.00513   0.00000   0.00000   0.00000   0.00524   0.00091   0.00094   0.12087   0.14610   0.85183   0.00255   2.13082   0.95539   0.27372  17.75658  
 53  0.2421   7560.510380  x:  0.00000   0.00089   0.00139   0.00000   0.00085   0.00253   0.00509   0.00000   0.00000   0.00000   0.00538   0.00098   0.00092   0.12032   0.14464   0.85693   0.00255   2.13179   0.95536   0.27786  17.86832  
 54  0.0658   7560.495317  x:  0.00000   0.00081   0.00135   0.00000   0.00086   0.00259   0.00511   0.00000   0.00000   0.00000   0.00541   0.00091   0.00091   0.12040   0.14371   0.85998   0.00254   2.13402   0.95466   0.27616  17.92947  
 55  0.0307   7560.411933  x:  0.00000   0.00089   0.00104   0.00000   0.00087   0.00267   0.00513   0.00000   0.00000   0.00000   0.00548   0.00097   0.00085   0.12289   0.14409   0.86041   0.00253   2.12727   0.95382   0.27160  17.90298  
 56  0.0035   7560.372401  x:  0.00000   0.00085   0.00084   0.00000   0.00086   0.00268   0.00516   0.00000   0.00000   0.00000   0.00540   0.00093   0.00083   0.12201   0.14436   0.85710   0.00254   2.11908   0.95502   0.27615  17.82320  
 57  0.0604   7560.361521  x:  0.00000   0.00084   0.00088   0.00000   0.00085   0.00261   0.00514   0.00000   0.00000   0.00000   0.00534   0.00089   0.00086   0.12057   0.14461   0.85386   0.00257   2.12730   0.95543   0.27669  17.76202  
 58  0.0478   7560.358473  x:  0.00000   0.00084   0.00084   0.00000   0.00085   0.00256   0.00513   0.00000   0.00000   0.00000   0.00536   0.00090   0.00088   0.12040   0.14462   0.85424   0.00257   2.13283   0.95518   0.27518  17.76067  
 59  0.0042   7560.357451  x:  0.00000   0.00085   0.00085   0.00000   0.00085   0.00254   0.00511   0.00000   0.00000   0.00000   0.00538   0.00088   0.00090   0.12051   0.14474   0.85512   0.00255   2.13135   0.95516   0.27529  17.77413  
 60  0.0078   7560.357271  x:  0.00000   0.00085   0.00085   0.00000   0.00085   0.00254   0.00511   0.00000   0.00000   0.00000   0.00537   0.00089   0.00090   0.12053   0.14474   0.85509   0.00254   2.13006   0.95519   0.27546  17.77248  
 61  0.0020   7560.357202  x:  0.00000   0.00085   0.00085   0.00000   0.00085   0.00254   0.00511   0.00000   0.00000   0.00000   0.00536   0.00089   0.00091   0.12056   0.14467   0.85484   0.00254   2.12945   0.95519   0.27549  17.76490  
 62  0.0041   7560.357182  x:  0.00000   0.00085   0.00085   0.00000   0.00085   0.00255   0.00511   0.00000   0.00000   0.00000   0.00537   0.00089   0.00091   0.12059   0.14464   0.85491   0.00255   2.12996   0.95519   0.27536  17.76213  
 63  0.0019   7560.357164  x:  0.00000   0.00085   0.00085   0.00000   0.00085   0.00255   0.00511   0.00000   0.00000   0.00000   0.00537   0.00089   0.00092   0.12060   0.14463   0.85501   0.00255   2.13047   0.95520   0.27523  17.75529  
 64  0.0031   7560.357001  x:  0.00000   0.00085   0.00085   0.00000   0.00084   0.00256   0.00511   0.00000   0.00000   0.00000   0.00538   0.00089   0.00092   0.12054   0.14472   0.85515   0.00255   2.13076   0.95521   0.27459  17.70876  
 65  0.0058   7560.356487  x:  0.00000   0.00085   0.00085   0.00000   0.00082   0.00257   0.00511   0.00000   0.00000   0.00000   0.00538   0.00089   0.00092   0.12024   0.14503   0.85541   0.00255   2.13017   0.95520   0.27141  17.46305  
 66  0.0868   7560.352281  x:  0.00000   0.00085   0.00085   0.00000   0.00083   0.00256   0.00512   0.00000   0.00000   0.00000   0.00535   0.00089   0.00092   0.12013   0.14509   0.85510   0.00254   2.12771   0.95523   0.26115  16.66130  
 67  0.1002   7560.336317  x:  0.00000   0.00086   0.00084   0.00000   0.00084   0.00253   0.00518   0.00000   0.00000   0.00000   0.00528   0.00088   0.00090   0.11961   0.14543   0.85415   0.00251   2.11978   0.95564   0.19941  11.87681  
 68  8.6268   7560.329020  x:  0.00000   0.00086   0.00084   0.00000   0.00086   0.00251   0.00519   0.00000   0.00000   0.00000   0.00527   0.00087   0.00089   0.11971   0.14532   0.85429   0.00251   2.11920   0.95607   0.16585   9.50245  
 69  2.3761   7560.323855  x:  0.00000   0.00086   0.00084   0.00000   0.00087   0.00252   0.00516   0.00000   0.00000   0.00000   0.00531   0.00088   0.00089   0.12013   0.14495   0.85455   0.00253   2.12300   0.95646   0.16794   9.74737  
 70  0.3862   7560.319333  x:  0.00000   0.00085   0.00085   0.00000   0.00087   0.00254   0.00512   0.00000   0.00000   0.00000   0.00537   0.00089   0.00091   0.12044   0.14466   0.85416   0.00255   2.12620   0.95723   0.15694   8.76758  
 71  1.4080   7560.318789  x:  0.00000   0.00085   0.00085   0.00000   0.00085   0.00255   0.00511   0.00000   0.00000   0.00000   0.00537   0.00089   0.00091   0.12041   0.14474   0.85434   0.00255   2.12669   0.95711   0.15645   8.77922  
 72  0.0115   7560.318767  x:  0.00000   0.00085   0.00085   0.00000   0.00085   0.00255   0.00511   0.00000   0.00000   0.00000   0.00537   0.00089   0.00091   0.12048   0.14466   0.85431   0.00255   2.12687   0.95713   0.15624   8.75799  
 73  0.0166   7560.318762  x:  0.00000   0.00085   0.00085   0.00000   0.00085   0.00255   0.00511   0.00000   0.00000   0.00000   0.00537   0.00089   0.00091   0.12052   0.14462   0.85430   0.00255   2.12687   0.95712   0.15676   8.79588  
 74  0.0265   7560.318759  x:  0.00000   0.00085   0.00085   0.00000   0.00085   0.00255   0.00511   0.00000   0.00000   0.00000   0.00537   0.00089   0.00091   0.12051   0.14462   0.85430   0.00255   2.12683   0.95712   0.15630   8.76253  
 75  0.0246   7560.318759  x:  0.00000   0.00085   0.00085   0.00000   0.00085   0.00255   0.00511   0.00000   0.00000   0.00000   0.00537   0.00089   0.00091   0.12051   0.14462   0.85430   0.00255   2.12683   0.95712   0.15631   8.76314  
 76  0.0105   7560.318759  x:  0.00000   0.00085   0.00085   0.00000   0.00085   0.00255   0.00511   0.00000   0.00000   0.00000   0.00537   0.00089   0.00091   0.12051   0.14462   0.85430   0.00255   2.12683   0.95712   0.15632   8.76424  
 77  0.0102   7560.318759  x:  0.00000   0.00085   0.00085   0.00000   0.00085   0.00255   0.00511   0.00000   0.00000   0.00000   0.00537   0.00089   0.00091   0.12051   0.14462   0.85430   0.00255   2.12683   0.95712   0.15632   8.76424  
 78  0.0089   7560.318759  x:  0.00000   0.00085   0.00085   0.00000   0.00085   0.00255   0.00511   0.00000   0.00000   0.00000   0.00537   0.00089   0.00091   0.12051   0.14462   0.85430   0.00255   2.12683   0.95712   0.15632   8.76424  
 79  0.0017   7560.318759  x:  0.00000   0.00085   0.00085   0.00000   0.00085   0.00255   0.00511   0.00000   0.00000   0.00000   0.00537   0.00089   0.00091   0.12052   0.14462   0.85431   0.00255   2.12688   0.95712   0.15635   8.76667  
 80  0.0244   7560.318759  x:  0.00000   0.00085   0.00085   0.00000   0.00085   0.00255   0.00511   0.00000   0.00000   0.00000   0.00537   0.00089   0.00091   0.12052   0.14462   0.85431   0.00255   2.12688   0.95712   0.15635   8.76675  
 81  0.0039   7560.318759  x:  0.00000   0.00085   0.00085   0.00000   0.00085   0.00255   0.00511   0.00000   0.00000   0.00000   0.00537   0.00089   0.00091   0.12052   0.14462   0.85431   0.00255   2.12688   0.95712   0.15635   8.76675  
 82  0.0045   7560.318759  x:  0.00000   0.00085   0.00085   0.00000   0.00085   0.00255   0.00511   0.00000   0.00000   0.00000   0.00537   0.00089   0.00091   0.12052   0.14462   0.85431   0.00255   2.12688   0.95712   0.15635   8.76675  
 83  0.0002   7560.318759  x:  0.00000   0.00085   0.00085   0.00000   0.00085   0.00255   0.00511   0.00000   0.00000   0.00000   0.00537   0.00089   0.00091   0.12052   0.14462   0.85431   0.00255   2.12688   0.95712   0.15635   8.76675  
check convergence!
