

TREE # 1

  0  0.0000   9849.257522  x:  0.02879   0.09578   0.04504   0.04306   0.08716   0.02311   0.10866   0.08381   0.05103   0.06274   0.03184   0.05226   0.04267   0.02958   0.02483   0.10735   0.07795   2.00000   1.00000  
  1 99.0000   9107.664596  x:  0.00310   0.07060   0.01988   0.01748   0.06203   0.00000   0.08454   0.05838   0.02547   0.03918   0.01133   0.02832   0.01908   0.08979   0.11692   0.18224   0.05329   2.00069   0.99053  
  2 7639.1374   9052.585414  x:  0.00000   0.06757   0.01688   0.01439   0.05906   0.00650   0.08169   0.05531   0.02238   0.03632   0.00910   0.02545   0.01627   0.09379   0.12282   0.18889   0.05033   2.00078   0.98938  
  3 18174.5985   8855.160703  x:  0.00000   0.05347   0.00322   0.00000   0.04508   0.00639   0.06844   0.04102   0.00801   0.02304   0.00115   0.01227   0.00352   0.09112   0.11680   0.20364   0.03676   2.00116   0.98400  
  4 7834.1408   8816.572881  x:  0.00000   0.04967   0.00000   0.00000   0.04132   0.00640   0.06489   0.03716   0.00414   0.01963   0.00259   0.00880   0.00049   0.09057   0.11542   0.20736   0.03313   2.00126   0.98255  
  5 45741.7301   8811.919328  x:  0.00000   0.04914   0.00001   0.00000   0.04079   0.00640   0.06439   0.03662   0.00359   0.01915   0.00274   0.00831   0.00007   0.09049   0.11523   0.20789   0.03262   2.00128   0.98234  
  6 50599.7617   8775.388753  x:  0.00000   0.04563   0.00001   0.00000   0.03731   0.00640   0.06110   0.03305   0.00000   0.01597   0.00336   0.00508   0.00010   0.08997   0.11394   0.21137   0.02926   2.00137   0.98100  
  7 50354.0783   8639.750303  x:  0.00000   0.02230   0.00001   0.00000   0.01443   0.00664   0.04120   0.00846   0.00000   0.00000   0.00396   0.01029   0.00010   0.09162   0.11422   0.20872   0.01149   2.00194   0.97181  
  8 7241.2491   8612.347803  x:  0.00000   0.01553   0.00001   0.00000   0.00879   0.00670   0.03694   0.00000   0.00000   0.00000   0.00400   0.00952   0.00010   0.09148   0.11484   0.20765   0.01404   2.00209   0.96863  
  9 6250.8463   8594.867925  x:  0.00000   0.00072   0.00001   0.00000   0.01589   0.00667   0.03397   0.00000   0.00000   0.00000   0.00391   0.00864   0.00010   0.09063   0.11542   0.20764   0.01382   2.00257   0.95458  
 10 1080.0912   8541.068185  x:  0.00000   0.00131   0.00001   0.00000   0.02717   0.00676   0.00280   0.00000   0.00000   0.00000   0.00289   0.00144   0.00007   0.08626   0.11829   0.20738   0.01384   2.00557   0.87142  
 11 1174.0033   8494.782516  x:  0.00000   0.00091   0.00001   0.00000   0.02252   0.00677   0.00205   0.00000   0.00000   0.00000   0.00236   0.00000   0.00005   0.08235   0.11827   0.21286   0.01173   2.00837   0.79580  
 12 4173.0099   8494.782516  x:  0.00000   0.00091   0.00001   0.00000   0.02252   0.00677   0.00205   0.00000   0.00000   0.00000   0.00236   0.00000   0.00005   0.08235   0.11827   0.21286   0.01173   2.00837   0.79580  
 13 850445.9224   8485.580806  x:  0.00000   0.00091   0.00092   0.00000   0.02252   0.00677   0.00206   0.00000   0.00000   0.00000   0.00237   0.00126   0.00015   0.08235   0.11827   0.21286   0.01173   2.00837   0.79580  
 14 288007.2386   8480.905392  x:  0.00000   0.00077   0.00087   0.00000   0.02115   0.00587   0.00401   0.00000   0.00000   0.00000   0.00398   0.00097   0.00675   0.08267   0.11838   0.21430   0.01060   2.00841   0.79518  
 15 6423.2615   8452.297070  x:  0.00000   0.00120   0.00112   0.00000   0.01235   0.00051   0.00737   0.00000   0.00000   0.00000   0.00758   0.00086   0.00541   0.08470   0.11911   0.22348   0.00353   2.00862   0.79116  
 16 2555.8271   8442.495041  x:  0.00000   0.00110   0.00108   0.00000   0.00833   0.00125   0.00853   0.00000   0.00000   0.00000   0.00881   0.00090   0.00496   0.08561   0.11943   0.22764   0.00063   2.00872   0.78931  
 17 11399.8400   8424.405599  x:  0.00000   0.00064   0.00090   0.00000   0.00041   0.00179   0.01016   0.00000   0.00000   0.00000   0.01055   0.00107   0.00433   0.08738   0.12007   0.23579   0.00136   2.00892   0.78562  
 18 8004.2207   8378.244458  x:  0.00000   0.00850   0.00237   0.00000   0.00222   0.00344   0.01031   0.00000   0.00000   0.00000   0.01086   0.00000   0.00436   0.09822   0.12399   0.28787   0.00314   2.01026   0.76053  
 19 2553.5676   8326.066925  x:  0.00000   0.03081   0.00020   0.00000   0.00782   0.00771   0.01068   0.00000   0.00000   0.00000   0.01171   0.00156   0.00456   0.12906   0.13517   0.43623   0.00797   2.01409   0.68898  
 20 591602.8222   8297.918234  x:  0.00000   0.02121   0.00021   0.00000   0.00725   0.00519   0.00220   0.00000   0.00000   0.00000   0.00245   0.00142   0.00737   0.13184   0.13581   0.46265   0.00575   2.01513   0.66929  
 21 3292.2539   8265.568438  x:  0.00000   0.00070   0.00048   0.00000   0.01284   0.00390   0.00432   0.00000   0.00000   0.00000   0.00092   0.00127   0.00646   0.13192   0.13510   0.48865   0.00526   2.01651   0.64271  
 22 4239.7012   8265.122866  x:  0.00000   0.00033   0.00048   0.00000   0.01294   0.00388   0.00428   0.00000   0.00000   0.00010   0.00098   0.00127   0.00645   0.13191   0.13508   0.48911   0.00526   2.01653   0.64221  
 23 26147.1580   8264.728966  x:  0.00000   0.00028   0.00048   0.00000   0.01296   0.00388   0.00423   0.00000   0.00000   0.00000   0.00104   0.00127   0.00645   0.13175   0.13499   0.48928   0.00526   2.01657   0.64158  
 24 1483.9800   8076.641431  x:  0.00000   0.00000   0.00034   0.00000   0.01396   0.00403   0.00393   0.00000   0.00000   0.00028   0.00013   0.00136   0.00660   0.04480   0.08916   0.55506   0.00556   2.03175   0.34127  
 25 15800.2390   8076.641431  x:  0.00000   0.00000   0.00034   0.00000   0.01396   0.00403   0.00393   0.00000   0.00000   0.00028   0.00013   0.00136   0.00660   0.04480   0.08916   0.55506   0.00556   2.03175   0.34127  
 26 1666.2942   8066.330161  x:  0.00000   0.00397   0.00037   0.00000   0.01394   0.00402   0.00394   0.00000   0.00000   0.00033   0.00073   0.00135   0.00658   0.04482   0.08917   0.55506   0.00555   2.03175   0.34126  
 27 237076.9057   8055.428970  x:  0.00000   0.00286   0.00253   0.00000   0.01230   0.00335   0.00440   0.00000   0.00000   0.00230   0.00940   0.00076   0.00515   0.04637   0.09009   0.55496   0.00458   2.03178   0.33985  
 28 6760.1463   8035.578229  x:  0.00000   0.00270   0.00032   0.00000   0.00761   0.00197   0.00514   0.00000   0.00000   0.00000   0.01079   0.00093   0.00123   0.05062   0.09261   0.55468   0.00222   2.03187   0.33582  
 29 2705.8618   8031.406314  x:  0.00000   0.00270   0.00083   0.00000   0.00599   0.00183   0.00528   0.00000   0.00000   0.00000   0.01081   0.00093   0.00019   0.05203   0.09347   0.55457   0.00178   2.03191   0.33440  
 30 10017.7557   8018.897727  x:  0.00000   0.00268   0.00150   0.00000   0.00046   0.00156   0.00572   0.00000   0.00000   0.00000   0.01108   0.00088   0.00066   0.05682   0.09637   0.55423   0.00067   2.03202   0.32953  
 31 10733.0796   8018.193765  x:  0.00000   0.00268   0.00148   0.00000   0.00018   0.00159   0.00574   0.00000   0.00000   0.00000   0.01112   0.00087   0.00064   0.05720   0.09660   0.55420   0.00086   2.03203   0.32912  
 32 7972.2478   7919.147743  x:  0.00000   0.00245   0.00427   0.00000   0.00234   0.00540   0.01091   0.00000   0.00000   0.00000   0.01381   0.00000   0.00229   0.14320   0.14908   0.54776   0.00685   2.03416   0.23786  
 33 6025.2204   7818.056361  x:  0.00000   0.00193   0.01044   0.00000   0.00682   0.01331   0.02149   0.00000   0.00000   0.00000   0.01975   0.00507   0.00585   0.32117   0.25766   0.53443   0.01937   2.03856   0.04881  
 34 2408612.9452   7805.374994  x:  0.00000   0.00195   0.01078   0.00000   0.00697   0.00960   0.01360   0.00000   0.00000   0.00000   0.01951   0.00501   0.00603   0.32592   0.25993   0.53478   0.01994   2.03878   0.03190  
 35 2430.1902   7801.574320  x:  0.00000   0.00210   0.01114   0.00000   0.00714   0.00612   0.00553   0.00000   0.00000   0.00000   0.01809   0.00504   0.00623   0.33177   0.26283   0.53606   0.02059   2.03898   0.03297  
 36 575.7354   7799.905816  x:  0.00000   0.00246   0.01179   0.00000   0.00737   0.00265   0.00668   0.00000   0.00000   0.00000   0.01456   0.00506   0.00655   0.33368   0.26213   0.53978   0.02144   2.03924   0.03296  
 37 178.1253   7795.674181  x:  0.00000   0.00338   0.01165   0.00000   0.00734   0.00394   0.00670   0.00000   0.00000   0.00000   0.00555   0.00511   0.00649   0.33799   0.25939   0.55040   0.02130   2.03995   0.03256  
 38 779.6094   7791.874387  x:  0.00000   0.00320   0.01223   0.00000   0.00769   0.00430   0.00663   0.00000   0.00000   0.00000   0.00737   0.00535   0.00681   0.37102   0.22769   0.64735   0.02229   2.04808   0.02965  
 39 85.3794   7791.360737  x:  0.00000   0.00321   0.01243   0.00000   0.00777   0.00430   0.00661   0.00000   0.00000   0.00000   0.00733   0.00536   0.00690   0.39051   0.19625   0.64130   0.02254   2.06345   0.03015  
 40 22.2465   7781.376020  x:  0.00000   0.00323   0.01086   0.00000   0.00691   0.00438   0.00638   0.00000   0.00000   0.00000   0.00691   0.00472   0.00607   0.34194   0.20541   0.69055   0.02001   3.42602   0.03491  
 41 10.0035   7673.024053  x:  0.00000   0.00339   0.00000   0.00000   0.00133   0.00609   0.00596   0.00000   0.00000   0.00000   0.00376   0.00081   0.00040   0.10150   0.14784   0.71584   0.00361   2.73229   0.04325  
 42  0.8404   7673.024053  x:  0.00000   0.00339   0.00000   0.00000   0.00133   0.00609   0.00596   0.00000   0.00000   0.00000   0.00376   0.00081   0.00040   0.10150   0.14784   0.71584   0.00361   2.73229   0.04325  
 43 593.0161   7668.658634  x:  0.00000   0.00339   0.00085   0.00000   0.00133   0.00609   0.00596   0.00000   0.00000   0.00001   0.00376   0.00081   0.00041   0.10150   0.14784   0.71585   0.00361   2.73229   0.04325  
 44 234372.2627   7666.728420  x:  0.00000   0.00196   0.00085   0.00000   0.00063   0.00499   0.00568   0.00000   0.00000   0.00053   0.00450   0.00097   0.00254   0.10162   0.14786   0.71589   0.00305   2.73227   0.04270  
 45 1971.3425   7665.205106  x:  0.00000   0.00056   0.00085   0.00000   0.00086   0.00383   0.00540   0.00000   0.00000   0.00024   0.00493   0.00088   0.00242   0.10176   0.14788   0.71594   0.00258   2.73224   0.04210  
 46 1623.3470   7664.528429  x:  0.00000   0.00079   0.00085   0.00000   0.00047   0.00234   0.00507   0.00000   0.00000   0.00000   0.00546   0.00093   0.00214   0.10198   0.14792   0.71602   0.00218   2.73219   0.04121  
 47 1039.3637   7664.397111  x:  0.00000   0.00092   0.00085   0.00000   0.00074   0.00205   0.00499   0.00000   0.00000   0.00000   0.00564   0.00095   0.00216   0.10207   0.14794   0.71606   0.00219   2.73217   0.04087  
 48 801.1169   7663.778676  x:  0.00000   0.00075   0.00085   0.00000   0.00069   0.00218   0.00463   0.00000   0.00000   0.00000   0.00654   0.00084   0.00139   0.10290   0.14811   0.71640   0.00298   2.73200   0.03826  
 49 489.8185   7663.574261  x:  0.00000   0.00071   0.00085   0.00000   0.00074   0.00243   0.00478   0.00000   0.00000   0.00000   0.00642   0.00105   0.00105   0.10338   0.14821   0.71663   0.00238   2.73189   0.03739  
 50 407.4569   7663.511464  x:  0.00000   0.00071   0.00085   0.00000   0.00075   0.00240   0.00488   0.00000   0.00000   0.00000   0.00618   0.00078   0.00098   0.10364   0.14826   0.71676   0.00226   2.73183   0.03719  
 51 308.1081   7663.435853  x:  0.00000   0.00062   0.00085   0.00000   0.00074   0.00218   0.00503   0.00000   0.00000   0.00000   0.00559   0.00086   0.00089   0.10419   0.14838   0.71705   0.00242   2.73171   0.03707  
 52 285.7690   7663.310803  x:  0.00000   0.00061   0.00085   0.00000   0.00075   0.00223   0.00423   0.00000   0.00000   0.00000   0.00534   0.00085   0.00082   0.10647   0.14880   0.71832   0.00235   2.73116   0.03725  
 53 136.2945   7662.784108  x:  0.00000   0.00061   0.00085   0.00000   0.00074   0.00219   0.00491   0.00000   0.00000   0.00000   0.00614   0.00085   0.00072   0.11826   0.15086   0.72506   0.00240   2.72828   0.03766  
 54 564.5898   7662.686990  x:  0.00000   0.00066   0.00085   0.00000   0.00074   0.00225   0.00493   0.00000   0.00000   0.00000   0.00583   0.00087   0.00098   0.12026   0.15101   0.72643   0.00241   2.72768   0.03699  
 55 388.9038   7661.651780  x:  0.00000   0.00065   0.00085   0.00000   0.00075   0.00227   0.00494   0.00000   0.00000   0.00000   0.00585   0.00087   0.00095   0.12992   0.12900   0.76411   0.00244   2.71020   0.03604  
 56 68.1902   7660.740222  x:  0.00000   0.00065   0.00085   0.00000   0.00075   0.00224   0.00489   0.00000   0.00000   0.00000   0.00591   0.00087   0.00093   0.11813   0.14430   0.81653   0.00244   2.67643   0.03429  
 57 53.3097   7655.450418  x:  0.00000   0.00067   0.00085   0.00000   0.00075   0.00227   0.00492   0.00000   0.00000   0.00000   0.00588   0.00087   0.00092   0.11847   0.14212   0.76952   0.00246   1.99631   0.03452  
 58 16.8983   7655.361041  x:  0.00000   0.00086   0.00085   0.00000   0.00081   0.00253   0.00507   0.00000   0.00000   0.00000   0.00536   0.00088   0.00084   0.11902   0.14204   0.76628   0.00260   1.99963   0.03488  
 59  0.0078   7655.360926  x:  0.00000   0.00086   0.00085   0.00000   0.00081   0.00253   0.00507   0.00000   0.00000   0.00002   0.00536   0.00088   0.00084   0.11903   0.14204   0.76625   0.00261   1.99966   0.03489  
 60 44.4498   7655.355712  x:  0.00000   0.00084   0.00085   0.00000   0.00083   0.00254   0.00509   0.00000   0.00000   0.00001   0.00533   0.00089   0.00090   0.11933   0.14187   0.76457   0.00255   2.00009   0.03508  
 61  0.0024   7655.355295  x:  0.00000   0.00084   0.00085   0.00000   0.00084   0.00255   0.00509   0.00000   0.00000   0.00002   0.00534   0.00089   0.00090   0.11946   0.14178   0.76426   0.00254   2.00050   0.03503  
 62  0.0005   7655.355250  x:  0.00000   0.00085   0.00085   0.00000   0.00084   0.00255   0.00509   0.00000   0.00000   0.00002   0.00534   0.00089   0.00090   0.11942   0.14180   0.76438   0.00254   2.00019   0.03503  
 63  0.0003   7655.355248  x:  0.00000   0.00085   0.00085   0.00000   0.00084   0.00255   0.00509   0.00000   0.00000   0.00002   0.00534   0.00089   0.00090   0.11942   0.14180   0.76440   0.00255   2.00027   0.03503  
 64  0.0001   7655.355248  x:  0.00000   0.00085   0.00085   0.00000   0.00085   0.00255   0.00509   0.00000   0.00000   0.00002   0.00534   0.00089   0.00090   0.11941   0.14181   0.76440   0.00255   2.00025   0.03503  
 65  0.0000   7655.355248  x:  0.00000   0.00085   0.00085   0.00000   0.00085   0.00255   0.00509   0.00000   0.00000   0.00002   0.00534   0.00089   0.00090   0.11941   0.14181   0.76440   0.00255   2.00027   0.03503  
 66  0.0000   7655.355248  x:  0.00000   0.00085   0.00085   0.00000   0.00085   0.00255   0.00509   0.00000   0.00000   0.00002   0.00534   0.00089   0.00090   0.11941   0.14181   0.76440   0.00255   2.00027   0.03503  
 67  0.0000   7655.355247  x:  0.00000   0.00085   0.00085   0.00000   0.00085   0.00254   0.00509   0.00000   0.00000   0.00002   0.00534   0.00089   0.00090   0.11941   0.14181   0.76441   0.00255   2.00029   0.03503  
 68  0.0000   7655.355241  x:  0.00000   0.00085   0.00085   0.00000   0.00085   0.00254   0.00509   0.00000   0.00000   0.00002   0.00534   0.00089   0.00090   0.11941   0.14182   0.76440   0.00255   2.00021   0.03503  
 69  0.0000   7655.355218  x:  0.00000   0.00085   0.00085   0.00000   0.00085   0.00254   0.00509   0.00000   0.00000   0.00002   0.00534   0.00089   0.00090   0.11941   0.14181   0.76442   0.00255   2.00044   0.03503  
 70  0.0000   7655.355216  x:  0.00000   0.00085   0.00085   0.00000   0.00085   0.00255   0.00509   0.00000   0.00000   0.00002   0.00534   0.00089   0.00090   0.11941   0.14181   0.76441   0.00255   2.00030   0.03503  
 71  0.0002   7655.355216  x:  0.00000   0.00085   0.00085   0.00000   0.00085   0.00255   0.00509   0.00000   0.00000   0.00002   0.00534   0.00089   0.00090   0.11941   0.14181   0.76441   0.00255   2.00029   0.03503  
 72  0.0000   7655.355216  x:  0.00000   0.00085   0.00085   0.00000   0.00085   0.00255   0.00509   0.00000   0.00000   0.00002   0.00534   0.00089   0.00090   0.11941   0.14181   0.76441   0.00255   2.00029   0.03503  
 73  0.0000   7655.355216  x:  0.00000   0.00085   0.00085   0.00000   0.00085   0.00255   0.00509   0.00000   0.00000   0.00002   0.00534   0.00089   0.00090   0.11941   0.14181   0.76441   0.00255   2.00029   0.03503  
 74  0.0000   7655.355216  x:  0.00000   0.00085   0.00085   0.00000   0.00085   0.00255   0.00509   0.00000   0.00000   0.00002   0.00534   0.00089   0.00090   0.11941   0.14181   0.76441   0.00255   2.00029   0.03503  
check convergence!
