

TREE # 1

  0  0.0000   9910.208316  x:  0.01012   0.01881   0.06019   0.10477   0.05286   0.10322   0.04469   0.04197   0.10785   0.06822   0.01783   0.07618   0.01246   0.01505   0.01229   0.04236   0.02454   2.00000   0.98904   1.18513  
  1 99.0000   8926.902591  x:  0.00000   0.00918   0.05031   0.09488   0.04305   0.09360   0.03582   0.03193   0.09794   0.05932   0.01167   0.06681   0.00376   0.07876   0.10778   0.14349   0.01559   2.00016   0.98677   1.18671  
  2 16779.0596   8854.254434  x:  0.00000   0.00414   0.04480   0.08935   0.03758   0.08825   0.03099   0.02630   0.09238   0.05409   0.00801   0.06157   0.00000   0.07704   0.10264   0.15056   0.01101   2.00025   0.98535   1.18764  
  3 4023.0771   8799.833776  x:  0.00000   0.00000   0.04028   0.08482   0.03308   0.08386   0.02704   0.02168   0.08782   0.04980   0.00503   0.05727   0.00005   0.07565   0.09845   0.15638   0.00726   2.00032   0.98420   1.18840  
  4 106846.1405   8713.683647  x:  0.00000   0.00003   0.03265   0.07718   0.02551   0.07646   0.02037   0.01390   0.08014   0.04257   0.00000   0.05002   0.00012   0.07333   0.09142   0.16620   0.00095   2.00045   0.98225   1.18969  
  5 57018.2135   8667.574367  x:  0.00000   0.00004   0.02713   0.07164   0.02004   0.07111   0.01563   0.00826   0.07456   0.03743   0.00144   0.04477   0.00013   0.07184   0.08663   0.17284   0.00000   2.00054   0.98086   1.19061  
  6 33057.8042   8579.825281  x:  0.00000   0.00005   0.01906   0.06354   0.01203   0.06328   0.00869   0.00000   0.06641   0.02990   0.00255   0.03708   0.00016   0.06962   0.07958   0.18265   0.00001   2.00068   0.97883   1.19196  
  7 836909.2118   8484.852190  x:  0.00000   0.00004   0.00619   0.05006   0.00000   0.05055   0.00732   0.00000   0.05268   0.01787   0.00250   0.02438   0.00016   0.06974   0.07716   0.18522   0.00001   2.00092   0.97617   1.19397  
  8 13034.9452   8449.537600  x:  0.00000   0.00004   0.00000   0.04346   0.00021   0.04431   0.00673   0.00000   0.04593   0.01206   0.00251   0.01815   0.00015   0.06976   0.07593   0.18658   0.00001   2.00104   0.97487   1.19496  
  9 20195.3240   8378.654967  x:  0.00000   0.00004   0.00000   0.02975   0.00037   0.03135   0.00570   0.00000   0.03191   0.00000   0.00260   0.00522   0.00015   0.06987   0.07357   0.18915   0.00001   2.00129   0.97218   1.19701  
 10 15699.4011   8358.028926  x:  0.00000   0.00004   0.00000   0.02332   0.00033   0.02548   0.00598   0.00000   0.02533   0.00059   0.00258   0.00000   0.00015   0.06971   0.07246   0.19052   0.00001   2.00140   0.97094   1.19796  
 11 10590.8911   8346.379858  x:  0.00000   0.00004   0.00000   0.01991   0.00032   0.02236   0.00616   0.00000   0.02184   0.00055   0.00259   0.00000   0.00015   0.06967   0.07194   0.19114   0.00001   2.00147   0.97028   1.19846  
 12 10851.9048   8303.121879  x:  0.00000   0.00004   0.00000   0.00320   0.00040   0.01094   0.00056   0.00000   0.00417   0.00116   0.00228   0.00000   0.00014   0.06971   0.07196   0.19094   0.00001   2.00178   0.96705   1.20092  
 13 20826.7348   8298.081992  x:  0.00000   0.00004   0.00000   0.00125   0.00040   0.01097   0.00060   0.00000   0.00182   0.00109   0.00228   0.00000   0.00014   0.06941   0.07189   0.19123   0.00001   2.00182   0.96657   1.20125  
 14 6465.4550   8298.081992  x:  0.00000   0.00004   0.00000   0.00125   0.00040   0.01097   0.00060   0.00000   0.00182   0.00109   0.00228   0.00000   0.00014   0.06941   0.07189   0.19123   0.00001   2.00182   0.96657   1.20125  
 15 3368.9490   8273.031479  x:  0.00000   0.00019   0.00150   0.00124   0.00041   0.01096   0.00065   0.00000   0.00182   0.00109   0.00229   0.00133   0.00018   0.06941   0.07190   0.19124   0.00255   2.00182   0.96657   1.20125  
 16 507067.0026   8261.610759  x:  0.00000   0.00283   0.00122   0.00070   0.00127   0.01039   0.00558   0.00000   0.00103   0.00078   0.00296   0.00114   0.00309   0.06985   0.07247   0.19229   0.00265   2.00183   0.96642   1.20136  
 17 9972.3143   8256.327694  x:  0.00000   0.00258   0.00108   0.00000   0.00112   0.00984   0.00592   0.00000   0.00029   0.00050   0.00344   0.00106   0.00287   0.07027   0.07300   0.19328   0.00279   2.00184   0.96628   1.20146  
 18 3188.3485   8254.917296  x:  0.00000   0.00252   0.00113   0.00000   0.00118   0.00964   0.00599   0.00000   0.00000   0.00042   0.00340   0.00109   0.00282   0.07041   0.07320   0.19364   0.00275   2.00185   0.96622   1.20151  
 19 11773.5584   8238.186098  x:  0.00000   0.00314   0.00067   0.00000   0.00000   0.00478   0.00596   0.00000   0.00000   0.00296   0.00140   0.00102   0.00302   0.07410   0.07812   0.20358   0.00302   2.00200   0.96459   1.20272  
 20 7479.1779   8230.030644  x:  0.00000   0.00352   0.00014   0.00000   0.00004   0.00183   0.00576   0.00000   0.00000   0.00478   0.00043   0.00086   0.00312   0.07635   0.08111   0.20966   0.00340   2.00209   0.96358   1.20347  
 21 139542.1169   8226.089737  x:  0.00000   0.00382   0.00053   0.00000   0.00005   0.00057   0.00553   0.00000   0.00000   0.00590   0.00048   0.00068   0.00326   0.07743   0.08256   0.21266   0.00325   2.00214   0.96307   1.20385  
 22 29712.2968   8176.661764  x:  0.00000   0.00755   0.00132   0.00000   0.00012   0.00270   0.00261   0.00000   0.00000   0.01817   0.00143   0.00515   0.00493   0.09337   0.10387   0.25704   0.00025   2.00283   0.95548   1.20948  
 23 10628.8990   8163.401050  x:  0.00000   0.00800   0.00304   0.00000   0.00015   0.00532   0.00222   0.00000   0.00000   0.02074   0.00000   0.00120   0.00531   0.09785   0.10990   0.27071   0.00128   2.00306   0.95290   1.21138  
 24 10086.3198   8163.401050  x:  0.00000   0.00800   0.00304   0.00000   0.00015   0.00532   0.00222   0.00000   0.00000   0.02074   0.00000   0.00120   0.00531   0.09785   0.10990   0.27071   0.00128   2.00306   0.95290   1.21138  
 25 706.2010   8155.444095  x:  0.00000   0.00726   0.00245   0.00000   0.00409   0.00490   0.00336   0.00000   0.00000   0.02015   0.00432   0.00098   0.00468   0.09800   0.11007   0.27133   0.00215   2.00308   0.95272   1.21151  
 26 8516.3371   8142.878209  x:  0.00000   0.00417   0.00017   0.00000   0.00276   0.00327   0.00555   0.00000   0.00000   0.01715   0.00522   0.00054   0.00207   0.09855   0.11080   0.27395   0.00314   2.00314   0.95198   1.21203  
 27 2484.3148   8136.261587  x:  0.00000   0.00193   0.00064   0.00000   0.00187   0.00218   0.00690   0.00000   0.00000   0.01493   0.00590   0.00054   0.00025   0.09895   0.11133   0.27588   0.00371   2.00319   0.95143   1.21242  
 28 11835.2960   8132.657256  x:  0.00000   0.00034   0.00076   0.00000   0.00133   0.00167   0.00760   0.00000   0.00000   0.01319   0.00637   0.00087   0.00069   0.09926   0.11173   0.27738   0.00392   2.00323   0.95100   1.21272  
 29 6206.1265   8123.116259  x:  0.00000   0.00097   0.00090   0.00000   0.00011   0.00178   0.00887   0.00000   0.00000   0.00695   0.00764   0.00131   0.00096   0.10035   0.11317   0.28271   0.00390   2.00336   0.94946   1.21381  
 30 3651.7476   8111.376142  x:  0.00000   0.00123   0.00097   0.00000   0.00026   0.00195   0.00997   0.00000   0.00000   0.00000   0.00758   0.00168   0.00107   0.10154   0.11476   0.28860   0.00362   2.00351   0.94775   1.21502  
 31 27274.3500   8099.886025  x:  0.00000   0.00047   0.00104   0.00000   0.00018   0.00384   0.00978   0.00000   0.00000   0.00000   0.00838   0.00013   0.00102   0.10442   0.11865   0.30321   0.00205   2.00389   0.94337   1.21811  
 32 12528.9697   8096.493770  x:  0.00000   0.00009   0.00088   0.00000   0.00014   0.00463   0.00917   0.00000   0.00000   0.00000   0.00879   0.00044   0.00071   0.10546   0.12007   0.30862   0.00145   2.00404   0.94171   1.21927  
 33 28901.7714   8079.335573  x:  0.00000   0.00006   0.00039   0.00000   0.00021   0.00168   0.00210   0.00000   0.00000   0.00000   0.01032   0.00034   0.00028   0.11012   0.12656   0.33404   0.00275   2.00476   0.93343   1.22507  
 34 9053.8905   8079.105151  x:  0.00000   0.00009   0.00036   0.00000   0.00021   0.00135   0.00202   0.00000   0.00000   0.00000   0.01040   0.00035   0.00026   0.11004   0.12654   0.33444   0.00228   2.00479   0.93302   1.22535  
 35 723.1433   8034.252754  x:  0.00000   0.00015   0.00044   0.00000   0.00000   0.00169   0.00229   0.00000   0.00000   0.00000   0.00859   0.00047   0.00038   0.06721   0.09797   0.38437   0.00328   2.01445   0.82045   1.29863  
 36 637.4784   8034.252754  x:  0.00000   0.00015   0.00044   0.00000   0.00000   0.00169   0.00229   0.00000   0.00000   0.00000   0.00859   0.00047   0.00038   0.06721   0.09797   0.38437   0.00328   2.01445   0.82045   1.29863  
 37 1254.5998   8029.798840  x:  0.00000   0.00018   0.00045   0.00000   0.00103   0.00170   0.00229   0.00000   0.00000   0.00000   0.00859   0.00047   0.00039   0.06722   0.09797   0.38437   0.00327   2.01445   0.82045   1.29863  
 38 210263.4755   8027.504282  x:  0.00000   0.00193   0.00088   0.00000   0.00102   0.00195   0.00287   0.00000   0.00000   0.00000   0.00844   0.00088   0.00097   0.06745   0.09815   0.38452   0.00319   2.01446   0.82033   1.29870  
 39 5324.6661   8022.758354  x:  0.00000   0.00082   0.00142   0.00000   0.00103   0.00433   0.00842   0.00000   0.00000   0.00000   0.00645   0.00166   0.00147   0.07079   0.10065   0.38657   0.00214   2.01457   0.81871   1.29960  
 40 1632.5636   8019.007459  x:  0.00000   0.00141   0.00036   0.00000   0.00102   0.00396   0.00963   0.00000   0.00000   0.00000   0.00504   0.00053   0.00061   0.07422   0.10324   0.38880   0.00262   2.01469   0.81693   1.30060  
 41 1692.1619   8015.036761  x:  0.00000   0.00140   0.00137   0.00000   0.00102   0.00267   0.01001   0.00000   0.00000   0.00000   0.00348   0.00014   0.00021   0.07935   0.10714   0.39223   0.00339   2.01488   0.81419   1.30213  
 42 5420.0255   8011.322964  x:  0.00000   0.00127   0.00161   0.00000   0.00102   0.00122   0.01020   0.00000   0.00000   0.00000   0.00192   0.00066   0.00026   0.08489   0.11137   0.39594   0.00426   2.01508   0.81121   1.30379  
 43 37526.6611   8008.230689  x:  0.00000   0.00103   0.00165   0.00000   0.00103   0.00075   0.01005   0.00000   0.00000   0.00000   0.00177   0.00017   0.00145   0.09019   0.11541   0.39956   0.00485   2.01528   0.80829   1.30541  
 44 12146.9060   7980.656040  x:  0.00000   0.00057   0.00294   0.00000   0.00103   0.00488   0.00511   0.00000   0.00000   0.00000   0.00726   0.00084   0.00267   0.14829   0.15990   0.43981   0.01083   2.01747   0.77572   1.32350  
 45 21712.6432   7971.583393  x:  0.00000   0.00108   0.00253   0.00000   0.00103   0.00215   0.00425   0.00000   0.00000   0.00000   0.00945   0.00100   0.00170   0.15628   0.16626   0.44920   0.00223   2.01805   0.76671   1.32828  
 46 1926.6272   7961.115401  x:  0.00000   0.00113   0.00248   0.00000   0.00103   0.00456   0.00170   0.00000   0.00000   0.00000   0.00618   0.00072   0.00226   0.15473   0.16624   0.46989   0.00053   2.01956   0.74122   1.34100  
 47 850.2056   7582.681701  x:  0.00000   0.00098   0.00250   0.00000   0.00103   0.00580   0.00302   0.00000   0.00000   0.00000   0.00418   0.00054   0.00259   0.10266   0.15768   1.00234   0.00301   2.05864   0.08162   1.66977  
 48 21731.3093   7582.464161  x:  0.00000   0.00098   0.00250   0.00000   0.00103   0.00578   0.00299   0.00000   0.00000   0.00000   0.00423   0.00054   0.00259   0.10452   0.15643   0.99866   0.00296   2.05892   0.07709   1.66948  
 49 68.7727   7582.436534  x:  0.00000   0.00098   0.00250   0.00000   0.00103   0.00578   0.00299   0.00000   0.00000   0.00021   0.00423   0.00054   0.00259   0.10452   0.15642   0.99867   0.00296   2.05892   0.07711   1.66949  
 50 286.1963   7582.103803  x:  0.00000   0.00099   0.00252   0.00000   0.00103   0.00569   0.00293   0.00000   0.00000   0.00022   0.00445   0.00057   0.00258   0.11855   0.13850   0.99355   0.00292   2.06461   0.07837   1.68499  
 51 24.9375   7580.586793  x:  0.00000   0.00102   0.00252   0.00000   0.00103   0.00534   0.00274   0.00000   0.00000   0.00000   0.00510   0.00062   0.00248   0.12687   0.14700   0.90901   0.00227   2.12597   0.08749   1.84768  
 52 20.9508   7578.972063  x:  0.00000   0.00098   0.00232   0.00000   0.00103   0.00385   0.00456   0.00000   0.00000   0.00000   0.00663   0.00075   0.00202   0.12299   0.14808   0.91957   0.00133   2.15052   0.08613   1.81637  
 53  0.2175   7574.499173  x:  0.00000   0.00122   0.00073   0.00000   0.00102   0.00162   0.00503   0.00000   0.00000   0.00000   0.00707   0.00092   0.00086   0.11412   0.14705   0.88096   0.00255   1.93696   0.07681   1.52766  
 54  0.1621   7573.862928  x:  0.00000   0.00123   0.00046   0.00000   0.00102   0.00147   0.00520   0.00000   0.00000   0.00000   0.00681   0.00092   0.00072   0.10962   0.14591   0.89409   0.00291   2.11849   0.07291   1.41111  
 55  4.3531   7571.727410  x:  0.00000   0.00103   0.00019   0.00000   0.00102   0.00294   0.00564   0.00000   0.00000   0.00000   0.00441   0.00079   0.00087   0.11204   0.14106   0.85340   0.00352   2.11113   0.06577   1.19744  
 56  0.3487   7571.722074  x:  0.00000   0.00103   0.00019   0.00000   0.00102   0.00296   0.00564   0.00000   0.00000   0.00011   0.00438   0.00079   0.00088   0.11207   0.14100   0.85297   0.00353   2.11105   0.06569   1.19519  
 57 2267.1246   7571.046045  x:  0.00000   0.00097   0.00034   0.00000   0.00102   0.00316   0.00568   0.00000   0.00000   0.00000   0.00409   0.00078   0.00091   0.11198   0.14053   0.84963   0.00367   2.13048   0.06376   1.14181  
 58  0.9472   7568.249419  x:  0.00000   0.00070   0.00042   0.00000   0.00102   0.00323   0.00610   0.00000   0.00000   0.00017   0.00351   0.00086   0.00069   0.11016   0.14201   0.83323   0.00457   2.13080   0.04508   0.66649  
 59  0.8370   7567.154149  x:  0.00000   0.00067   0.00051   0.00000   0.00102   0.00298   0.00603   0.00000   0.00000   0.00000   0.00424   0.00091   0.00067   0.11259   0.14492   0.82911   0.00458   2.10753   0.03691   0.56341  
 60  0.2445   7567.154149  x:  0.00000   0.00067   0.00051   0.00000   0.00102   0.00298   0.00603   0.00000   0.00000   0.00000   0.00424   0.00091   0.00067   0.11259   0.14492   0.82911   0.00458   2.10753   0.03691   0.56341  
 61  0.1686   7566.708746  x:  0.00000   0.00095   0.00119   0.00000   0.00086   0.00284   0.00588   0.00000   0.00000   0.00002   0.00451   0.00090   0.00102   0.11261   0.14494   0.82911   0.00414   2.10753   0.03691   0.56341  
 62 1162.0841   7566.576407  x:  0.00000   0.00094   0.00117   0.00000   0.00084   0.00279   0.00582   0.00000   0.00000   0.00000   0.00461   0.00090   0.00102   0.11262   0.14495   0.82911   0.00394   2.10753   0.03691   0.56341  
 63 732.4944   7566.520772  x:  0.00000   0.00096   0.00123   0.00000   0.00113   0.00285   0.00573   0.00000   0.00000   0.00000   0.00466   0.00092   0.00094   0.11266   0.14498   0.82911   0.00368   2.10753   0.03690   0.56341  
 64 371.6482   7566.504423  x:  0.00000   0.00092   0.00125   0.00000   0.00108   0.00307   0.00565   0.00000   0.00000   0.00000   0.00454   0.00091   0.00091   0.11275   0.14506   0.82912   0.00352   2.10753   0.03688   0.56342  
 65 106.6117   7566.501191  x:  0.00000   0.00097   0.00121   0.00000   0.00109   0.00309   0.00563   0.00000   0.00000   0.00000   0.00450   0.00093   0.00096   0.11282   0.14513   0.82912   0.00350   2.10753   0.03686   0.56342  
 66 60.6180   7566.475255  x:  0.00000   0.00096   0.00119   0.00000   0.00111   0.00292   0.00547   0.00000   0.00000   0.00000   0.00429   0.00085   0.00094   0.11375   0.14596   0.82918   0.00349   2.10752   0.03666   0.56347  
 67 79.8822   7566.456770  x:  0.00000   0.00091   0.00120   0.00000   0.00109   0.00290   0.00543   0.00000   0.00000   0.00000   0.00429   0.00099   0.00090   0.11445   0.14658   0.82922   0.00352   2.10752   0.03654   0.56350  
 68 416.9088   7566.417915  x:  0.00000   0.00093   0.00112   0.00000   0.00110   0.00307   0.00552   0.00000   0.00000   0.00000   0.00455   0.00091   0.00091   0.11602   0.14799   0.82932   0.00362   2.10750   0.03639   0.56357  
 69 503.0912   7566.404650  x:  0.00000   0.00088   0.00110   0.00000   0.00112   0.00305   0.00575   0.00000   0.00000   0.00000   0.00449   0.00091   0.00094   0.11657   0.14848   0.82937   0.00354   2.10750   0.03670   0.56359  
 70 99.6033   7566.400784  x:  0.00000   0.00093   0.00109   0.00000   0.00110   0.00304   0.00579   0.00000   0.00000   0.00000   0.00448   0.00092   0.00090   0.11673   0.14862   0.82938   0.00352   2.10750   0.03682   0.56359  
 71 201.1175   7566.395703  x:  0.00000   0.00092   0.00108   0.00000   0.00111   0.00305   0.00566   0.00000   0.00000   0.00000   0.00450   0.00092   0.00090   0.11694   0.14879   0.82942   0.00358   2.10749   0.03711   0.56359  
 72 57.3702   7566.390346  x:  0.00000   0.00090   0.00099   0.00000   0.00112   0.00306   0.00566   0.00000   0.00000   0.00000   0.00448   0.00092   0.00088   0.11677   0.14843   0.82991   0.00359   2.10746   0.03708   0.56386  
 73  2.6167   7566.380568  x:  0.00000   0.00090   0.00100   0.00000   0.00112   0.00306   0.00566   0.00000   0.00000   0.00000   0.00449   0.00092   0.00088   0.11789   0.14739   0.83682   0.00359   2.10694   0.03733   0.56786  
 74  2.0717   7566.376518  x:  0.00000   0.00090   0.00100   0.00000   0.00112   0.00306   0.00566   0.00000   0.00000   0.00000   0.00449   0.00092   0.00088   0.11635   0.14906   0.83848   0.00358   2.10675   0.03748   0.57058  
 75  2.2225   7566.338201  x:  0.00000   0.00090   0.00099   0.00000   0.00110   0.00302   0.00563   0.00000   0.00000   0.00000   0.00454   0.00092   0.00088   0.11730   0.14795   0.83253   0.00349   2.10559   0.03921   0.60476  
 76  1.8643   7565.997599  x:  0.00000   0.00087   0.00086   0.00000   0.00093   0.00264   0.00521   0.00000   0.00000   0.00000   0.00509   0.00090   0.00091   0.11729   0.14808   0.83172   0.00248   2.06659   0.03824   0.58739  
 77  0.2253   7565.978156  x:  0.00000   0.00087   0.00086   0.00000   0.00092   0.00262   0.00518   0.00000   0.00000   0.00000   0.00513   0.00090   0.00091   0.11737   0.14810   0.83435   0.00242   2.10440   0.03813   0.58391  
 78  0.8728   7565.960701  x:  0.00000   0.00086   0.00085   0.00000   0.00085   0.00255   0.00513   0.00000   0.00000   0.00000   0.00533   0.00090   0.00091   0.11732   0.14810   0.83495   0.00261   2.10501   0.03786   0.57822  
 79  0.0076   7565.959129  x:  0.00000   0.00086   0.00086   0.00000   0.00085   0.00258   0.00516   0.00000   0.00000   0.00000   0.00542   0.00090   0.00092   0.11728   0.14808   0.83489   0.00257   2.10315   0.03784   0.57762  
 80  0.0018   7565.959099  x:  0.00000   0.00086   0.00086   0.00000   0.00086   0.00257   0.00516   0.00000   0.00000   0.00000   0.00543   0.00090   0.00092   0.11728   0.14808   0.83486   0.00258   2.10329   0.03786   0.57811  
 81  0.0006   7565.959098  x:  0.00000   0.00086   0.00086   0.00000   0.00086   0.00257   0.00516   0.00000   0.00000   0.00000   0.00543   0.00090   0.00092   0.11728   0.14808   0.83485   0.00258   2.10335   0.03787   0.57822  
 82  0.0001   7565.959097  x:  0.00000   0.00086   0.00086   0.00000   0.00086   0.00257   0.00516   0.00000   0.00000   0.00000   0.00543   0.00090   0.00092   0.11729   0.14808   0.83486   0.00258   2.10338   0.03787   0.57817  