

TREE # 1

  0  0.0000   9038.264479  x:  0.03727   0.01598   0.08487   0.08348   0.01265   0.05840   0.06401   0.06276   0.01480   0.02100   0.04078   0.10782   0.09746   0.01979   0.10513   0.01593   0.05713   2.00000   0.90000   1.02921   1.79152   1.05000  
  1 99.0000   8565.061221  x:  0.02282   0.00150   0.07073   0.06958   0.00000   0.07132   0.07872   0.14051   0.00120   0.00782   0.02672   0.09414   0.08321   0.00531   0.09257   0.00321   0.04396   2.00013   0.90491   1.02637   1.79284   1.04991  
  2 6929.5386   8545.489415  x:  0.02133   0.00000   0.06927   0.06817   0.00273   0.07191   0.07942   0.14204   0.00112   0.00673   0.02529   0.09274   0.08174   0.00381   0.09129   0.00230   0.04261   2.00014   0.90544   1.02610   1.79297   1.04989  
  3 6578.8499   8508.330657  x:  0.01754   0.00000   0.06557   0.06454   0.00266   0.07285   0.08062   0.14191   0.00197   0.00431   0.02166   0.08917   0.07799   0.00000   0.08804   0.00073   0.03918   2.00019   0.90680   1.02542   1.79331   1.04983  
  4 9821.1049   8449.732677  x:  0.00948   0.00000   0.05771   0.05684   0.00266   0.07470   0.08301   0.14159   0.00177   0.00000   0.01399   0.08160   0.07004   0.00000   0.08115   0.00121   0.03192   2.00028   0.90972   1.02399   1.79400   1.04968  
  5 83393.7422   8371.313923  x:  0.00000   0.00000   0.04847   0.04779   0.00272   0.07694   0.08588   0.14145   0.00192   0.00001   0.00497   0.07271   0.06069   0.00000   0.07305   0.00092   0.02338   2.00038   0.91314   1.02231   1.79483   1.04951  
  6 78399.5572   8335.127118  x:  0.00000   0.00000   0.04352   0.04291   0.00274   0.07850   0.08784   0.14121   0.00173   0.00001   0.00000   0.06791   0.05570   0.00000   0.06867   0.00064   0.01874   2.00044   0.91493   1.02136   1.79528   1.04944  
  7 1122559.8622   8218.175267  x:  0.00000   0.00000   0.02381   0.02334   0.00318   0.08842   0.09998   0.14156   0.00948   0.00004   0.00000   0.04946   0.03603   0.00000   0.05160   0.00435   0.00000   2.00058   0.92160   1.01696   1.79728   1.04949  
  8 49799.3359   8109.971881  x:  0.00000   0.00000   0.00026   0.00000   0.00364   0.09938   0.11344   0.14169   0.01737   0.00007   0.00000   0.02745   0.01246   0.00000   0.03133   0.00813   0.00109   2.00076   0.92966   1.01178   1.79964   1.04951  
  9 15554.5766   8102.065527  x:  0.00000   0.00000   0.00002   0.00063   0.00367   0.10034   0.11467   0.14171   0.01815   0.00007   0.00000   0.02429   0.00890   0.00000   0.02848   0.00852   0.00119   2.00079   0.93092   1.01108   1.79998   1.04949  
 10 4205.7587   8077.752248  x:  0.00000   0.00000   0.00013   0.00165   0.00375   0.10272   0.11770   0.14178   0.02011   0.00007   0.00015   0.01635   0.00000   0.00000   0.02132   0.00949   0.00144   2.00086   0.93409   1.00931   1.80081   1.04943  
 11 511103.0913   8077.625273  x:  0.00000   0.00000   0.00012   0.00163   0.00375   0.10267   0.11765   0.14178   0.02007   0.00007   0.00031   0.01649   0.00000   0.00000   0.02146   0.00947   0.00144   2.00086   0.93405   1.00931   1.80081   1.04944  
 12 2459.4323   8051.953664  x:  0.00000   0.00000   0.00009   0.00120   0.00356   0.10362   0.12207   0.14023   0.01714   0.00005   0.00042   0.00173   0.00000   0.00000   0.01499   0.00825   0.00118   2.00051   0.95252   0.99278   1.80787   1.05251  
 13 646.4591   8039.284123  x:  0.00000   0.00000   0.00007   0.00097   0.00346   0.10399   0.12446   0.13942   0.01556   0.00004   0.00047   0.00253   0.00000   0.00000   0.00357   0.00759   0.00105   2.00045   0.96722   0.98170   1.81275   1.05401  
 14 2398.1458   8021.211057  x:  0.00000   0.00000   0.00007   0.00096   0.00343   0.10541   0.12786   0.13888   0.01516   0.00003   0.00047   0.00249   0.00000   0.00000   0.00357   0.00738   0.00103   2.00108   0.99999   0.96406   1.82110   1.05414  
 15 1132.1097   8003.850987  x:  0.00000   0.00000   0.00007   0.00081   0.00316   0.10959   0.16346   0.13412   0.01148   0.00000   0.00048   0.00255   0.00000   0.00000   0.00413   0.00554   0.00084   2.00842   0.99999   0.85720   1.87929   1.03182  
 16 2555.4183   8003.850987  x:  0.00000   0.00000   0.00007   0.00081   0.00316   0.10959   0.16346   0.13412   0.01148   0.00000   0.00048   0.00255   0.00000   0.00000   0.00413   0.00554   0.00084   2.00842   0.99999   0.85720   1.87929   1.03182  
 17 330.9883   7993.139549  x:  0.00000   0.00000   0.00013   0.00081   0.00316   0.10959   0.16346   0.13413   0.01148   0.00210   0.00049   0.00255   0.00000   0.00000   0.00414   0.00554   0.00084   2.00842   0.99999   0.85720   1.87929   1.03182  
 18 470171.6339   7990.093490  x:  0.00000   0.00000   0.00499   0.00086   0.00277   0.10958   0.16331   0.13560   0.01068   0.00202   0.00113   0.00285   0.00000   0.00000   0.00457   0.00487   0.00090   2.00843   0.99999   0.85703   1.87936   1.03182  
 19 7182.7766   7962.752914  x:  0.00000   0.00000   0.00494   0.00120   0.00030   0.10949   0.16227   0.14590   0.00508   0.00202   0.00041   0.00420   0.00000   0.00000   0.00690   0.00022   0.00099   2.00848   0.99999   0.85581   1.87986   1.03182  
 20 2909.1863   7944.336558  x:  0.00000   0.00000   0.00475   0.00177   0.00107   0.10939   0.16135   0.15478   0.00025   0.00202   0.00114   0.00497   0.00000   0.00000   0.00846   0.00014   0.00098   2.00852   0.99999   0.85474   1.88029   1.03182  
 21 11404.4737   7943.348597  x:  0.00000   0.00000   0.00474   0.00177   0.00095   0.10938   0.16127   0.15556   0.00009   0.00202   0.00110   0.00503   0.00000   0.00000   0.00859   0.00030   0.00098   2.00852   0.99999   0.85464   1.88033   1.03182  
 22 11855.0591   7834.277282  x:  0.00000   0.00000   0.00240   0.00827   0.00155   0.10713   0.14092   0.34913   0.00621   0.00206   0.00595   0.01831   0.00000   0.00000   0.03873   0.01127   0.00059   2.00948   0.99999   0.83094   1.88995   1.03182  
 23 21052.6922   7807.161697  x:  0.00000   0.00000   0.00342   0.00000   0.00470   0.10622   0.13800   0.36852   0.00568   0.00205   0.00102   0.00902   0.00000   0.00000   0.03104   0.01028   0.00334   2.00968   0.99999   0.82615   1.89178   1.03182  
 24 2460.9974   7798.618415  x:  0.00000   0.00000   0.00375   0.00018   0.00470   0.10580   0.13687   0.37501   0.00546   0.00204   0.00008   0.00454   0.00000   0.00000   0.02647   0.00985   0.00137   2.00977   0.99999   0.82402   1.89258   1.03182  
 25 4375.2486   7794.788620  x:  0.00000   0.00000   0.00381   0.00000   0.00437   0.10557   0.13626   0.37844   0.00534   0.00204   0.00028   0.00211   0.00000   0.00000   0.02394   0.00962   0.00047   2.00982   0.99999   0.82286   1.89302   1.03182  
 26 43614.6832   7790.826509  x:  0.00000   0.00000   0.00391   0.00140   0.00377   0.10512   0.13525   0.38304   0.00521   0.00204   0.00038   0.00080   0.00000   0.00000   0.01824   0.00936   0.00184   2.00991   0.99999   0.82069   1.89382   1.03182  
 27 3307.4020   7780.067030  x:  0.00000   0.00000   0.00412   0.00200   0.00300   0.10408   0.13305   0.39248   0.00491   0.00203   0.00045   0.00143   0.00000   0.00000   0.00485   0.00877   0.00190   2.01011   0.99999   0.81580   1.89563   1.03182  
 28 10259.6852   7731.656974  x:  0.00000   0.00000   0.00409   0.00228   0.00294   0.05519   0.07033   0.39260   0.00488   0.00203   0.00048   0.00160   0.00000   0.00000   0.00595   0.00873   0.00186   2.02049   0.99999   0.57865   1.98035   1.03182  
 29 328.7284   7597.914929  x:  0.00000   0.00000   0.00409   0.00204   0.00302   0.05230   0.04096   0.39794   0.00495   0.00203   0.00047   0.00157   0.00000   0.00000   0.00571   0.00884   0.00186   2.03963   0.99999   0.12415   2.13873   1.03182  
 30 4429.8036   7595.938712  x:  0.00000   0.00000   0.00409   0.00203   0.00302   0.04407   0.04828   0.39880   0.00495   0.00203   0.00047   0.00156   0.00000   0.00000   0.00566   0.00885   0.00186   2.04010   0.99999   0.11114   2.14395   1.03183  
 31 515.9528   7586.518007  x:  0.00000   0.00000   0.00409   0.00203   0.00302   0.02980   0.06098   0.40028   0.00496   0.00203   0.00047   0.00154   0.00000   0.00000   0.00559   0.00887   0.00186   2.04092   0.99208   0.08860   2.15310   1.03183  
 32 13573.1436   7572.147294  x:  0.00000   0.00000   0.00405   0.00197   0.00300   0.02352   0.08990   0.40205   0.00496   0.00204   0.00047   0.00158   0.00000   0.00000   0.00572   0.00887   0.00187   1.82060   0.99061   0.16031   2.68336   1.82103  
 33 21.4529   7557.402115  x:  0.00000   0.00000   0.00400   0.00208   0.00298   0.02780   0.08578   0.40389   0.00498   0.00204   0.00049   0.00170   0.00000   0.00000   0.00617   0.00890   0.00189   1.61210   0.98426   0.08760   2.55073   2.35461  
 34 40.5794   7528.975768  x:  0.00000   0.00000   0.00378   0.00162   0.00291   0.05767   0.10922   0.41347   0.00499   0.00204   0.00053   0.00188   0.00000   0.00000   0.00666   0.00889   0.00185   2.74503   0.98116   0.09136   2.87495   2.33370  
 35 10.4349   7511.252261  x:  0.00000   0.00000   0.00362   0.00139   0.00280   0.07904   0.11693   0.41842   0.00495   0.00204   0.00053   0.00201   0.00000   0.00000   0.00685   0.00880   0.00179   1.93393   0.98496   0.12716   3.38253   1.39194  
 36 15.0961   7505.217563  x:  0.00000   0.00000   0.00334   0.00000   0.00254   0.08241   0.11807   0.43266   0.00470   0.00205   0.00043   0.00163   0.00000   0.00000   0.00395   0.00831   0.00132   1.85220   0.98359   0.11401   3.40645   1.47672  
 37  0.3102   7495.790357  x:  0.00000   0.00000   0.00220   0.00109   0.00177   0.09141   0.12134   0.46995   0.00433   0.00206   0.00059   0.00262   0.00000   0.00000   0.00583   0.00755   0.00026   1.68738   0.98034   0.08110   3.43884   1.69379  
 38  0.6368   7491.923854  x:  0.00000   0.00000   0.00114   0.00012   0.00131   0.09719   0.12641   0.50071   0.00393   0.00208   0.00086   0.00357   0.00000   0.00000   0.00715   0.00675   0.00231   1.70051   0.97836   0.07709   3.55550   1.87581  
 39  0.5534   7486.288606  x:  0.00000   0.00000   0.00021   0.00108   0.00118   0.10175   0.13436   0.53325   0.00336   0.00209   0.00101   0.00421   0.00000   0.00000   0.00592   0.00562   0.00235   1.84421   0.97726   0.10172   3.80880   2.05677  
 40  0.7192   7482.713387  x:  0.00000   0.00000   0.00168   0.00059   0.00188   0.10443   0.13993   0.56435   0.00246   0.00206   0.00094   0.00418   0.00000   0.00000   0.00483   0.00388   0.00166   2.05484   0.97674   0.13058   4.01964   2.16816  
 41  0.3470   7480.540314  x:  0.00000   0.00000   0.00159   0.00000   0.00214   0.10667   0.14022   0.58023   0.00195   0.00206   0.00089   0.00410   0.00000   0.00000   0.00533   0.00288   0.00131   2.03554   0.97617   0.13008   4.06118   2.18199  
 42  0.1020   7477.611460  x:  0.00000   0.00000   0.00143   0.00009   0.00258   0.11037   0.13824   0.61170   0.00081   0.00206   0.00088   0.00412   0.00000   0.00000   0.00525   0.00069   0.00088   1.97765   0.97491   0.11982   4.06974   2.20935  
 43  0.1900   7476.989903  x:  0.00000   0.00000   0.00128   0.00000   0.00266   0.10916   0.13511   0.61131   0.00089   0.00206   0.00085   0.00398   0.00000   0.00000   0.00586   0.00084   0.00085   1.94652   0.97496   0.11189   3.99244   2.18285  
 44  0.1580   7476.593036  x:  0.00000   0.00000   0.00098   0.00000   0.00272   0.10716   0.12947   0.61717   0.00078   0.00207   0.00081   0.00371   0.00000   0.00000   0.00633   0.00064   0.00076   1.92593   0.97495   0.10045   3.86592   2.15237  
 45  0.1791   7476.416809  x:  0.00000   0.00000   0.00085   0.00000   0.00256   0.10514   0.12628   0.61642   0.00096   0.00207   0.00080   0.00356   0.00000   0.00000   0.00642   0.00100   0.00084   1.91417   0.97534   0.09870   3.79988   2.11318  
 46  0.0965   7476.278867  x:  0.00000   0.00000   0.00082   0.00000   0.00239   0.10397   0.12461   0.62187   0.00091   0.00207   0.00079   0.00343   0.00000   0.00000   0.00643   0.00091   0.00085   1.92961   0.97560   0.10404   3.79012   2.09262  
 47  0.0173   7476.277127  x:  0.00000   0.00000   0.00081   0.00007   0.00239   0.10395   0.12457   0.62198   0.00091   0.00207   0.00079   0.00343   0.00000   0.00000   0.00643   0.00091   0.00085   1.92991   0.97561   0.10414   3.78993   2.09221  
 48 484.8373   7476.251173  x:  0.00000   0.00000   0.00079   0.00005   0.00241   0.10397   0.12383   0.62542   0.00087   0.00206   0.00080   0.00340   0.00000   0.00000   0.00613   0.00083   0.00089   1.94406   0.97545   0.10209   3.76831   2.07753  
 49  0.0194   7476.238839  x:  0.00000   0.00000   0.00083   0.00000   0.00248   0.10436   0.12406   0.62664   0.00087   0.00206   0.00080   0.00339   0.00000   0.00000   0.00608   0.00086   0.00089   1.93879   0.97530   0.10178   3.76863   2.06066  
 50  0.0097   7476.238839  x:  0.00000   0.00000   0.00083   0.00000   0.00248   0.10436   0.12406   0.62664   0.00087   0.00206   0.00080   0.00339   0.00000   0.00000   0.00608   0.00086   0.00089   1.93879   0.97530   0.10178   3.76863   2.06066  
 51  0.0247   7476.187126  x:  0.00000   0.00000   0.00084   0.00001   0.00249   0.10436   0.12406   0.62664   0.00078   0.00170   0.00083   0.00337   0.00000   0.00000   0.00610   0.00094   0.00087   1.93879   0.97524   0.10178   3.76863   2.06066  
 52 252.4764   7476.182467  x:  0.00000   0.00000   0.00083   0.00001   0.00248   0.10436   0.12406   0.62664   0.00084   0.00164   0.00081   0.00337   0.00000   0.00000   0.00612   0.00090   0.00088   1.93879   0.97521   0.10178   3.76863   2.06066  
 53 112.3616   7476.179754  x:  0.00000   0.00000   0.00083   0.00000   0.00248   0.10436   0.12407   0.62664   0.00081   0.00164   0.00081   0.00335   0.00000   0.00000   0.00616   0.00087   0.00088   1.93879   0.97509   0.10179   3.76862   2.06066  
 54 38.3246   7476.172592  x:  0.00000   0.00000   0.00083   0.00001   0.00249   0.10436   0.12411   0.62664   0.00084   0.00166   0.00081   0.00333   0.00000   0.00000   0.00629   0.00091   0.00088   1.93879   0.97464   0.10182   3.76862   2.06066  
 55 154.7767   7476.170733  x:  0.00000   0.00000   0.00083   0.00002   0.00249   0.10437   0.12414   0.62665   0.00083   0.00166   0.00079   0.00339   0.00000   0.00000   0.00623   0.00091   0.00088   1.93879   0.97449   0.10182   3.76862   2.06065  
 56 39.0773   7476.170242  x:  0.00000   0.00000   0.00083   0.00002   0.00248   0.10438   0.12415   0.62665   0.00084   0.00166   0.00081   0.00340   0.00000   0.00000   0.00620   0.00091   0.00088   1.93879   0.97445   0.10182   3.76862   2.06065  
 57 54.8909   7476.169918  x:  0.00000   0.00000   0.00083   0.00001   0.00248   0.10439   0.12417   0.62666   0.00084   0.00166   0.00081   0.00337   0.00000   0.00000   0.00617   0.00091   0.00088   1.93879   0.97442   0.10181   3.76862   2.06065  
 58 16.4498   7476.169847  x:  0.00000   0.00000   0.00083   0.00002   0.00248   0.10440   0.12419   0.62667   0.00084   0.00166   0.00081   0.00336   0.00000   0.00000   0.00616   0.00091   0.00088   1.93879   0.97441   0.10180   3.76862   2.06065  
 59 10.0025   7476.167359  x:  0.00000   0.00000   0.00083   0.00004   0.00246   0.10478   0.12493   0.62692   0.00084   0.00166   0.00081   0.00337   0.00000   0.00000   0.00618   0.00091   0.00089   1.93880   0.97429   0.10148   3.76859   2.06059  
 60 17.2386   7476.167272  x:  0.00000   0.00000   0.00083   0.00003   0.00246   0.10480   0.12496   0.62693   0.00084   0.00166   0.00081   0.00337   0.00000   0.00000   0.00618   0.00091   0.00088   1.93880   0.97429   0.10147   3.76858   2.06059  
 61 39.5297   7476.167178  x:  0.00000   0.00000   0.00083   0.00002   0.00249   0.10480   0.12499   0.62695   0.00084   0.00166   0.00081   0.00337   0.00000   0.00000   0.00618   0.00091   0.00088   1.93880   0.97428   0.10146   3.76858   2.06058  
 62  7.5796   7476.167168  x:  0.00000   0.00000   0.00083   0.00001   0.00249   0.10480   0.12499   0.62696   0.00084   0.00166   0.00081   0.00337   0.00000   0.00000   0.00618   0.00091   0.00088   1.93880   0.97428   0.10145   3.76858   2.06058  
 63  6.7583   7476.165493  x:  0.00000   0.00000   0.00083   0.00002   0.00248   0.10409   0.12548   0.62828   0.00084   0.00166   0.00081   0.00337   0.00000   0.00000   0.00618   0.00091   0.00088   1.93881   0.97419   0.10100   3.76842   2.06030  
 64  4.2226   7476.164498  x:  0.00000   0.00000   0.00083   0.00002   0.00248   0.10414   0.12564   0.62955   0.00084   0.00166   0.00081   0.00338   0.00000   0.00000   0.00618   0.00091   0.00088   1.93884   0.97418   0.10139   3.76821   2.05995  
 65  2.9160   7476.163935  x:  0.00000   0.00000   0.00083   0.00001   0.00249   0.10450   0.12527   0.63039   0.00084   0.00166   0.00081   0.00338   0.00000   0.00000   0.00618   0.00091   0.00088   1.93888   0.97411   0.10113   3.76799   2.05959  
 66  2.0434   7476.134210  x:  0.00000   0.00000   0.00083   0.00005   0.00245   0.10418   0.12484   0.62748   0.00084   0.00166   0.00081   0.00337   0.00000   0.00000   0.00618   0.00091   0.00088   1.96457   0.97300   0.09729   3.67936   1.92397  
 67  0.4366   7476.116646  x:  0.00000   0.00000   0.00083   0.00007   0.00243   0.10393   0.12465   0.62469   0.00083   0.00167   0.00082   0.00337   0.00000   0.00000   0.00618   0.00091   0.00088   1.93560   0.97249   0.09497   3.62123   1.84765  
 68  1.7568   7475.934528  x:  0.00000   0.00000   0.00083   0.00004   0.00246   0.10411   0.12580   0.62855   0.00080   0.00167   0.00081   0.00335   0.00000   0.00000   0.00631   0.00085   0.00089   1.89789   0.97444   0.07040   2.23064   2.12989  
 69  0.2049   7475.891988  x:  0.00000   0.00000   0.00084   0.00002   0.00248   0.10417   0.12605   0.63002   0.00080   0.00167   0.00081   0.00335   0.00000   0.00000   0.00632   0.00084   0.00089   1.89827   0.97533   0.06273   1.84071   2.20273  
 70  1.8227   7475.805152  x:  0.00000   0.00000   0.00084   0.00000   0.00250   0.10422   0.12619   0.63145   0.00081   0.00167   0.00081   0.00335   0.00000   0.00000   0.00631   0.00085   0.00089   1.90464   0.97606   0.05756   1.63877   2.24755  
 71  1.1080   7475.805152  x:  0.00000   0.00000   0.00084   0.00000   0.00250   0.10422   0.12619   0.63145   0.00081   0.00167   0.00081   0.00335   0.00000   0.00000   0.00631   0.00085   0.00089   1.90464   0.97606   0.05756   1.63877   2.24755  
 72  0.9547   7475.786772  x:  0.00000   0.00000   0.00085   0.00004   0.00252   0.10424   0.12621   0.63145   0.00090   0.00169   0.00084   0.00339   0.00000   0.00000   0.00630   0.00098   0.00090   1.90464   0.97623   0.05749   1.63877   2.24755  
 73 154.3157   7475.688350  x:  0.00000   0.00000   0.00080   0.00003   0.00254   0.10435   0.12632   0.63149   0.00076   0.00175   0.00077   0.00363   0.00000   0.00000   0.00619   0.00099   0.00087   1.90466   0.97780   0.05675   1.63879   2.24755  
 74 217.0723   7475.670202  x:  0.00000   0.00000   0.00083   0.00000   0.00253   0.10436   0.12634   0.63149   0.00081   0.00173   0.00080   0.00362   0.00000   0.00000   0.00618   0.00094   0.00088   1.90466   0.97802   0.05664   1.63879   2.24755  
 75 446.8911   7475.660732  x:  0.00000   0.00000   0.00082   0.00000   0.00253   0.10437   0.12635   0.63149   0.00079   0.00165   0.00080   0.00344   0.00000   0.00000   0.00619   0.00096   0.00089   1.90467   0.97820   0.05655   1.63879   2.24755  
 76 119.7815   7475.659772  x:  0.00000   0.00000   0.00082   0.00000   0.00254   0.10437   0.12634   0.63149   0.00080   0.00168   0.00079   0.00340   0.00000   0.00000   0.00620   0.00096   0.00087   1.90467   0.97821   0.05654   1.63879   2.24755  
 77 41.7222   7475.659634  x:  0.00000   0.00000   0.00082   0.00000   0.00254   0.10436   0.12634   0.63149   0.00079   0.00169   0.00080   0.00340   0.00000   0.00000   0.00620   0.00096   0.00088   1.90467   0.97821   0.05653   1.63879   2.24755  
 78 16.8659   7475.659424  x:  0.00000   0.00000   0.00082   0.00000   0.00254   0.10434   0.12632   0.63148   0.00079   0.00169   0.00079   0.00340   0.00000   0.00000   0.00623   0.00095   0.00089   1.90468   0.97820   0.05652   1.63879   2.24755  
 79  7.1155   7475.659166  x:  0.00000   0.00000   0.00082   0.00000   0.00254   0.10431   0.12629   0.63146   0.00079   0.00169   0.00079   0.00340   0.00000   0.00000   0.00626   0.00094   0.00088   1.90469   0.97818   0.05649   1.63879   2.24755  
 80 37.1815   7475.658824  x:  0.00000   0.00000   0.00081   0.00000   0.00252   0.10424   0.12624   0.63142   0.00078   0.00169   0.00079   0.00339   0.00000   0.00000   0.00622   0.00094   0.00088   1.90472   0.97814   0.05644   1.63878   2.24756  
 81 11.6687   7475.658773  x:  0.00000   0.00000   0.00082   0.00000   0.00252   0.10423   0.12623   0.63142   0.00078   0.00169   0.00079   0.00339   0.00000   0.00000   0.00621   0.00093   0.00088   1.90472   0.97813   0.05643   1.63878   2.24756  
 82 20.4483   7475.658677  x:  0.00000   0.00000   0.00082   0.00000   0.00254   0.10420   0.12620   0.63140   0.00078   0.00168   0.00079   0.00339   0.00000   0.00000   0.00621   0.00093   0.00088   1.90474   0.97813   0.05641   1.63878   2.24757  
 83 11.4301   7475.658124  x:  0.00000   0.00000   0.00082   0.00000   0.00253   0.10401   0.12604   0.63127   0.00079   0.00169   0.00079   0.00339   0.00000   0.00000   0.00622   0.00095   0.00088   1.90484   0.97814   0.05627   1.63876   2.24760  
 84 17.4294   7475.657536  x:  0.00000   0.00000   0.00082   0.00000   0.00253   0.10377   0.12586   0.63095   0.00079   0.00169   0.00079   0.00339   0.00000   0.00000   0.00622   0.00094   0.00088   1.90511   0.97827   0.05646   1.63868   2.24767  
 85  3.3152   7475.653825  x:  0.00000   0.00000   0.00082   0.00000   0.00253   0.10374   0.12604   0.62738   0.00079   0.00169   0.00079   0.00339   0.00000   0.00000   0.00621   0.00094   0.00088   1.90808   0.97841   0.05651   1.63792   2.24849  
 86  3.6161   7475.650815  x:  0.00000   0.00000   0.00082   0.00000   0.00253   0.10479   0.12488   0.62744   0.00079   0.00169   0.00079   0.00339   0.00000   0.00000   0.00621   0.00094   0.00088   1.91362   0.97843   0.05648   1.63633   2.25005  
 87  1.5983   7475.636377  x:  0.00000   0.00000   0.00082   0.00000   0.00253   0.10395   0.12597   0.63019   0.00079   0.00168   0.00079   0.00339   0.00000   0.00000   0.00621   0.00094   0.00088   1.94282   0.97832   0.05624   1.62774   2.25839  
 88 10.0758   7475.478857  x:  0.00000   0.00000   0.00084   0.00000   0.00247   0.10439   0.12758   0.63781   0.00085   0.00166   0.00082   0.00341   0.00000   0.00000   0.00619   0.00085   0.00088   1.94876   0.98293   0.04818   1.20097   2.71356  
 89  0.4250   7475.436100  x:  0.00000   0.00000   0.00085   0.00000   0.00247   0.10431   0.12797   0.63885   0.00086   0.00166   0.00082   0.00340   0.00000   0.00000   0.00620   0.00086   0.00089   1.94695   0.98349   0.04273   1.01201   2.81172  
 90  0.4043   7475.367767  x:  0.00000   0.00000   0.00085   0.00000   0.00249   0.10418   0.12845   0.64027   0.00087   0.00166   0.00083   0.00338   0.00000   0.00000   0.00621   0.00088   0.00089   1.94169   0.98348   0.03842   0.92895   2.92925  
 91  0.3106   7475.342307  x:  0.00000   0.00000   0.00084   0.00000   0.00251   0.10416   0.12927   0.64311   0.00085   0.00167   0.00082   0.00339   0.00000   0.00000   0.00622   0.00091   0.00089   1.94459   0.98511   0.03613   0.83313   3.17977  
 92  0.3268   7475.323546  x:  0.00000   0.00000   0.00083   0.00000   0.00253   0.10412   0.13017   0.64493   0.00081   0.00168   0.00079   0.00341   0.00000   0.00000   0.00623   0.00092   0.00088   1.95090   0.98584   0.03720   0.85455   3.47083  
 93  0.1494   7475.318705  x:  0.00000   0.00000   0.00083   0.00000   0.00252   0.10422   0.13047   0.64637   0.00082   0.00168   0.00080   0.00341   0.00000   0.00000   0.00622   0.00091   0.00088   1.95017   0.98598   0.03605   0.81517   3.55481  
 94  0.1339   7475.317448  x:  0.00000   0.00000   0.00084   0.00000   0.00250   0.10442   0.13069   0.64831   0.00084   0.00167   0.00081   0.00340   0.00000   0.00000   0.00622   0.00090   0.00089   1.94872   0.98614   0.03585   0.80875   3.61479  
 95  0.0602   7475.317341  x:  0.00000   0.00000   0.00084   0.00000   0.00251   0.10444   0.13075   0.64854   0.00084   0.00167   0.00081   0.00340   0.00000   0.00000   0.00622   0.00090   0.00089   1.94878   0.98611   0.03588   0.81035   3.62452  
 96  0.0126   7475.317307  x:  0.00000   0.00000   0.00084   0.00000   0.00251   0.10445   0.13084   0.64878   0.00084   0.00167   0.00081   0.00341   0.00000   0.00000   0.00622   0.00090   0.00089   1.94910   0.98616   0.03582   0.80780   3.64307  
 97  0.0190   7475.317303  x:  0.00000   0.00000   0.00084   0.00000   0.00251   0.10444   0.13082   0.64871   0.00084   0.00167   0.00081   0.00340   0.00000   0.00000   0.00622   0.00090   0.00089   1.94905   0.98616   0.03583   0.80823   3.64181  