

TREE # 1

  0  0.0000   9694.111573  x:  0.08961   0.02303   0.06229   0.09020   0.07767   0.10727   0.10695   0.01258   0.02885   0.01774   0.05280   0.08563   0.09670   0.01993   0.09910   0.10388   0.01775   2.00000   0.90000   1.05631   1.65276   1.05000  
  1 99.0000   8414.455751  x:  0.07000   0.00326   0.04283   0.07162   0.05925   0.12145   0.12488   0.50910   0.00964   0.00000   0.03346   0.06695   0.07712   0.00005   0.08176   0.08578   0.00014   2.00018   0.90675   1.05166   1.65506   1.05008  
  2 25912.4377   8410.618600  x:  0.06995   0.00321   0.04279   0.07158   0.05920   0.12146   0.12490   0.50956   0.00959   0.00060   0.03341   0.06691   0.07707   0.00000   0.08171   0.08574   0.00011   2.00018   0.90676   1.05164   1.65506   1.05008  
  3 23862.6308   8408.391204  x:  0.06973   0.00299   0.04257   0.07137   0.05899   0.12146   0.12491   0.50955   0.00940   0.00060   0.03320   0.06670   0.07685   0.00000   0.08153   0.08554   0.00000   2.00018   0.90682   1.05158   1.65509   1.05008  
  4 3304.6469   8376.880742  x:  0.06679   0.00000   0.03959   0.06851   0.05615   0.12148   0.12530   0.50946   0.00549   0.00061   0.03024   0.06384   0.07390   0.00000   0.07857   0.08251   0.00000   2.00021   0.90736   1.05054   1.65551   1.05031  
  5 196346.5851   8275.451615  x:  0.05735   0.00000   0.02887   0.05911   0.04677   0.12318   0.12919   0.50901   0.00000   0.00065   0.01933   0.05314   0.06420   0.00000   0.05859   0.06349   0.00000   1.99991   0.90480   1.04380   1.65760   1.05319  
  6 13260.4418   8161.604314  x:  0.04663   0.00000   0.01054   0.04721   0.03480   0.13950   0.15533   0.50740   0.00001   0.00072   0.00000   0.03405   0.05218   0.00000   0.04366   0.05484   0.00000   1.99911   0.88591   1.02118   1.66382   1.06444  
  7 4182.4216   8113.816935  x:  0.03980   0.00000   0.00000   0.03983   0.02741   0.14763   0.16859   0.50661   0.00001   0.00072   0.00177   0.02323   0.04468   0.00000   0.03609   0.05020   0.00000   1.99873   0.87655   1.00902   1.66723   1.07032  
  8 13209.4857   8113.816935  x:  0.03980   0.00000   0.00000   0.03983   0.02741   0.14763   0.16859   0.50661   0.00001   0.00072   0.00177   0.02323   0.04468   0.00000   0.03609   0.05020   0.00000   1.99873   0.87655   1.00902   1.66723   1.07032  
  9 15018.0957   8106.565533  x:  0.03979   0.00012   0.00145   0.03982   0.02740   0.14763   0.16858   0.50661   0.00045   0.00073   0.00177   0.02322   0.04468   0.00000   0.03609   0.05020   0.00000   1.99873   0.87656   1.00902   1.66723   1.07032  
 10 228054.5899   8105.232933  x:  0.03967   0.00000   0.00142   0.03970   0.02729   0.14760   0.16856   0.50661   0.00060   0.00094   0.00171   0.02312   0.04456   0.00000   0.03600   0.05009   0.00000   1.99874   0.87660   1.00899   1.66725   1.07032  
 11 3465.8316   8083.995821  x:  0.03599   0.00000   0.00173   0.03619   0.02382   0.14678   0.16785   0.50658   0.00009   0.00136   0.00000   0.02008   0.04088   0.00000   0.03322   0.04679   0.00000   1.99880   0.87794   1.00812   1.66766   1.07032  
 12 6373.0100   8083.995821  x:  0.03599   0.00000   0.00173   0.03619   0.02382   0.14678   0.16785   0.50658   0.00009   0.00136   0.00000   0.02008   0.04088   0.00000   0.03322   0.04679   0.00000   1.99880   0.87794   1.00812   1.66766   1.07032  
 13 84593.2617   8080.653334  x:  0.03576   0.00000   0.00163   0.03597   0.02361   0.14673   0.16780   0.50658   0.00223   0.00147   0.00109   0.01990   0.04065   0.00000   0.03305   0.04658   0.00000   1.99880   0.87802   1.00807   1.66769   1.07032  
 14 10995.7857   8060.325558  x:  0.03181   0.00000   0.00000   0.03221   0.01991   0.14586   0.16703   0.50654   0.00213   0.00280   0.00128   0.01675   0.03670   0.00000   0.03013   0.04305   0.00000   1.99887   0.87947   1.00715   1.66812   1.07032  
 15 2728.2814   8060.325558  x:  0.03181   0.00000   0.00000   0.03221   0.01991   0.14586   0.16703   0.50654   0.00213   0.00280   0.00128   0.01675   0.03670   0.00000   0.03013   0.04305   0.00000   1.99887   0.87947   1.00715   1.66812   1.07032  
 16 94912.5480   8056.102064  x:  0.03180   0.00006   0.00094   0.03220   0.01990   0.14586   0.16703   0.50654   0.00213   0.00280   0.00127   0.01674   0.03670   0.00000   0.03013   0.04304   0.00000   1.99887   0.87947   1.00715   1.66812   1.07032  
 17 185309.3917   8055.678336  x:  0.03174   0.00000   0.00095   0.03215   0.01985   0.14585   0.16702   0.50654   0.00209   0.00278   0.00126   0.01670   0.03664   0.00000   0.03009   0.04299   0.00000   1.99887   0.87949   1.00713   1.66813   1.07032  
 18 2791.0806   8013.455485  x:  0.02405   0.00000   0.00137   0.02488   0.01272   0.14415   0.16552   0.50641   0.00000   0.00179   0.00168   0.01101   0.02895   0.00000   0.02463   0.03615   0.00256   1.99900   0.88234   1.00540   1.66896   1.07028  
 19 49284.9703   7968.285945  x:  0.01462   0.00000   0.00188   0.01596   0.00398   0.14207   0.16368   0.50626   0.00003   0.00000   0.00100   0.00395   0.01953   0.00000   0.01791   0.02776   0.00506   1.99915   0.88583   1.00326   1.66999   1.07024  
 20 163609.6313   7949.686835  x:  0.01033   0.00000   0.00211   0.01190   0.00000   0.14112   0.16284   0.50620   0.00004   0.00002   0.00040   0.00071   0.01524   0.00000   0.01483   0.02393   0.00604   1.99923   0.88741   1.00228   1.67046   1.07022  
 21 374003.6694   7941.208934  x:  0.00798   0.00000   0.00221   0.00972   0.00035   0.14060   0.16239   0.50616   0.00005   0.00002   0.00004   0.00053   0.01289   0.00000   0.01317   0.02184   0.00654   1.99927   0.88828   1.00175   1.67071   1.07021  
 22 8599.9482   7910.760274  x:  0.00000   0.00000   0.00253   0.00234   0.00067   0.13885   0.16085   0.50606   0.00004   0.00002   0.00014   0.00014   0.00493   0.00000   0.00747   0.01472   0.00622   1.99940   0.89120   0.99992   1.67159   1.07019  
 23 99047.7298   7905.124225  x:  0.00000   0.00000   0.00262   0.00027   0.00065   0.13835   0.16041   0.50603   0.00004   0.00002   0.00013   0.00022   0.00269   0.00000   0.00587   0.01271   0.00617   1.99943   0.89203   0.99940   1.67183   1.07019  
 24 712749.0550   7898.878624  x:  0.00000   0.00000   0.00269   0.00044   0.00063   0.13776   0.15989   0.50600   0.00004   0.00002   0.00013   0.00024   0.00000   0.00000   0.00421   0.01033   0.00613   1.99948   0.89301   0.99878   1.67213   1.07018  
 25 5512.5176   7889.663460  x:  0.00000   0.00000   0.00291   0.00041   0.00052   0.13536   0.15778   0.50581   0.00004   0.00002   0.00010   0.00021   0.00000   0.00000   0.00437   0.00082   0.00581   1.99966   0.89708   0.99627   1.67333   1.07015  
 26 3553.7318   7841.002211  x:  0.00000   0.00000   0.00369   0.00026   0.00018   0.08404   0.11330   0.50383   0.00002   0.00001   0.00000   0.00009   0.00000   0.00000   0.00344   0.00217   0.00441   2.00362   0.98527   0.93846   1.70052   1.07087  
 27 682.5070   7830.681802  x:  0.00000   0.00000   0.00380   0.00027   0.00024   0.07791   0.10830   0.50556   0.00002   0.00001   0.00002   0.00010   0.00000   0.00000   0.00356   0.00215   0.00450   2.00426   0.99999   0.92522   1.70628   1.07252  
 28 2629.8266   7546.731122  x:  0.00000   0.00000   0.00495   0.00011   0.00036   0.08734   0.06278   0.45204   0.00002   0.00001   0.00003   0.00008   0.00000   0.00000   0.00228   0.00144   0.00342   2.05336   0.99999   0.11101   2.07142   1.10930  
 29 838.1437   7542.161907  x:  0.00000   0.00000   0.00500   0.00011   0.00037   0.08758   0.06115   0.45003   0.00002   0.00001   0.00003   0.00008   0.00000   0.00000   0.00223   0.00141   0.00337   2.05532   0.99740   0.07846   2.08600   1.11075  
 30 45098.2083   7539.649558  x:  0.00000   0.00000   0.00382   0.00011   0.00037   0.07417   0.07821   0.45563   0.00002   0.00001   0.00003   0.00008   0.00000   0.00000   0.00220   0.00136   0.00349   2.05977   0.99839   0.07638   2.12002   1.11207  
 31 110.3281   7531.333024  x:  0.00000   0.00000   0.00039   0.00013   0.00038   0.06680   0.08766   0.45804   0.00002   0.00001   0.00003   0.00008   0.00000   0.00000   0.00209   0.00120   0.00379   2.07354   0.99661   0.08335   2.22346   1.11713  
 32 502.6680   7512.584802  x:  0.00000   0.00000   0.00495   0.00024   0.00044   0.06335   0.10778   0.63990   0.00002   0.00002   0.00003   0.00013   0.00000   0.00000   0.00270   0.00097   0.00285   2.14321   0.99167   0.10421   2.80889   1.15079  
 33 244.9438   7507.701022  x:  0.00000   0.00000   0.00234   0.00042   0.00049   0.07996   0.08922   0.69386   0.00002   0.00002   0.00003   0.00017   0.00000   0.00000   0.00284   0.00036   0.00233   2.03931   0.99250   0.08710   2.82698   1.33830  
 34 12.5771   7504.692943  x:  0.00000   0.00000   0.00292   0.00049   0.00052   0.07656   0.09377   0.67131   0.00002   0.00003   0.00003   0.00019   0.00000   0.00000   0.00279   0.00007   0.00182   1.99252   0.99145   0.08557   2.84472   1.43004  
 35 127.2159   7497.137693  x:  0.00000   0.00000   0.00402   0.00069   0.00059   0.06789   0.10251   0.62212   0.00002   0.00003   0.00003   0.00025   0.00000   0.00000   0.00283   0.00027   0.00030   1.81701   0.98828   0.07621   2.91483   1.76651  
 36 44.2841   7492.843600  x:  0.00000   0.00000   0.00495   0.00121   0.00060   0.06731   0.11235   0.56771   0.00005   0.00004   0.00002   0.00037   0.00000   0.00000   0.00369   0.00041   0.00262   1.75864   0.98650   0.07406   2.94941   1.95654  
 37  7.5077   7488.884357  x:  0.00000   0.00000   0.00499   0.00134   0.00063   0.09183   0.12162   0.55186   0.00005   0.00003   0.00004   0.00039   0.00000   0.00000   0.00270   0.00042   0.00217   1.83969   0.98691   0.07953   2.95410   1.88471  
 38  6.7905   7487.467909  x:  0.00000   0.00000   0.00470   0.00164   0.00067   0.09119   0.12076   0.53757   0.00006   0.00004   0.00003   0.00046   0.00000   0.00000   0.00392   0.00043   0.00185   2.03004   0.98783   0.08345   2.88961   1.80298  
 39  4.5200   7481.362637  x:  0.00000   0.00000   0.00136   0.00145   0.00087   0.10522   0.11734   0.58880   0.00016   0.00006   0.00003   0.00051   0.00000   0.00000   0.00592   0.00043   0.00098   1.71633   0.98830   0.09233   3.08422   1.74349  
 40  0.4572   7481.292044  x:  0.00000   0.00000   0.00105   0.00143   0.00089   0.10663   0.11698   0.59451   0.00017   0.00006   0.00003   0.00051   0.00000   0.00000   0.00610   0.00043   0.00090   1.69745   0.98826   0.09271   3.10271   1.74973  
 41 34.9008   7479.882476  x:  0.00000   0.00000   0.00037   0.00126   0.00096   0.10857   0.11477   0.61587   0.00019   0.00007   0.00003   0.00051   0.00000   0.00000   0.00597   0.00044   0.00083   1.83026   0.98721   0.08751   3.12994   1.90757  
 42  5.6965   7478.053079  x:  0.00000   0.00000   0.00130   0.00101   0.00106   0.10490   0.11596   0.62478   0.00021   0.00007   0.00003   0.00052   0.00000   0.00000   0.00502   0.00046   0.00091   2.05589   0.98485   0.08225   3.15649   2.15146  
 43  1.2078   7473.462093  x:  0.00000   0.00000   0.00101   0.00045   0.00152   0.10091   0.12753   0.60545   0.00031   0.00012   0.00003   0.00080   0.00000   0.00000   0.00367   0.00058   0.00034   1.96121   0.98021   0.10262   3.39983   2.46226  
 44  0.2763   7472.527260  x:  0.00000   0.00000   0.00091   0.00043   0.00161   0.10009   0.12986   0.61518   0.00032   0.00012   0.00003   0.00093   0.00000   0.00000   0.00448   0.00068   0.00140   1.92404   0.97871   0.10683   3.50503   2.57290  
 45  0.1833   7472.126201  x:  0.00000   0.00000   0.00091   0.00050   0.00167   0.10294   0.13078   0.63750   0.00034   0.00010   0.00003   0.00109   0.00000   0.00000   0.00592   0.00073   0.00145   1.95640   0.97772   0.10964   3.59696   2.62061  
 46  0.1332   7472.091549  x:  0.00000   0.00000   0.00091   0.00050   0.00171   0.10376   0.13101   0.64339   0.00035   0.00010   0.00003   0.00118   0.00000   0.00000   0.00626   0.00075   0.00149   1.97033   0.97730   0.11064   3.62598   2.63937  
 47  0.3052   7472.073160  x:  0.00000   0.00000   0.00090   0.00049   0.00175   0.10438   0.13111   0.64689   0.00036   0.00009   0.00003   0.00125   0.00000   0.00000   0.00648   0.00077   0.00153   1.97772   0.97698   0.11128   3.64572   2.65011  
 48  0.4758   7472.053271  x:  0.00000   0.00000   0.00090   0.00047   0.00180   0.10502   0.13113   0.64995   0.00037   0.00009   0.00003   0.00134   0.00000   0.00000   0.00668   0.00080   0.00156   1.98397   0.97666   0.11185   3.66439   2.65740  
 49  0.5057   7472.029980  x:  0.00000   0.00000   0.00090   0.00043   0.00187   0.10575   0.13111   0.65290   0.00038   0.00008   0.00003   0.00145   0.00000   0.00000   0.00687   0.00083   0.00160   1.98991   0.97630   0.11240   3.68390   2.66177  
 50  0.5190   7472.002311  x:  0.00000   0.00000   0.00089   0.00037   0.00196   0.10656   0.13106   0.65584   0.00040   0.00008   0.00003   0.00158   0.00000   0.00000   0.00706   0.00087   0.00164   1.99579   0.97587   0.11297   3.70532   2.66342  
 51  0.5580   7471.968357  x:  0.00000   0.00000   0.00088   0.00030   0.00207   0.10749   0.13100   0.65885   0.00042   0.00007   0.00003   0.00175   0.00000   0.00000   0.00724   0.00091   0.00169   2.00180   0.97537   0.11364   3.72990   2.66278  
 52  0.6486   7471.928829  x:  0.00000   0.00000   0.00087   0.00019   0.00221   0.10860   0.13094   0.66214   0.00045   0.00007   0.00003   0.00195   0.00000   0.00000   0.00743   0.00097   0.00174   2.00830   0.97476   0.11445   3.75960   2.66007  
 53  0.8142   7471.896015  x:  0.00000   0.00000   0.00086   0.00009   0.00235   0.10967   0.13090   0.66515   0.00048   0.00007   0.00003   0.00215   0.00000   0.00000   0.00760   0.00103   0.00179   2.01414   0.97414   0.11525   3.78899   2.65531  
 54  1.0650   7471.387813  x:  0.00000   0.00000   0.00080   0.00000   0.00240   0.11039   0.12959   0.66291   0.00049   0.00007   0.00003   0.00218   0.00000   0.00000   0.00723   0.00103   0.00164   2.01525   0.97441   0.11338   3.76319   2.61889  
 55  0.0551   7471.387813  x:  0.00000   0.00000   0.00080   0.00000   0.00240   0.11039   0.12959   0.66291   0.00049   0.00007   0.00003   0.00218   0.00000   0.00000   0.00723   0.00103   0.00164   2.01525   0.97441   0.11338   3.76319   2.61889  
 56  7.9532   7465.063412  x:  0.00000   0.00000   0.00081   0.00001   0.00241   0.11039   0.12959   0.66291   0.00054   0.00156   0.00105   0.00222   0.00000   0.00000   0.00721   0.00102   0.00162   2.01525   0.97442   0.11337   3.76319   2.61889  
 57 32088.9688   7464.464793  x:  0.00000   0.00000   0.00088   0.00003   0.00248   0.11038   0.12959   0.66290   0.00130   0.00172   0.00081   0.00294   0.00000   0.00000   0.00690   0.00090   0.00106   2.01525   0.97452   0.11333   3.76319   2.61888  
 58 1127.8358   7464.299501  x:  0.00000   0.00000   0.00086   0.00000   0.00251   0.11037   0.12958   0.66290   0.00113   0.00173   0.00079   0.00319   0.00000   0.00000   0.00669   0.00090   0.00086   2.01525   0.97459   0.11330   3.76320   2.61888  
 59 615.6107   7464.175258  x:  0.00000   0.00000   0.00090   0.00000   0.00260   0.11033   0.12956   0.66288   0.00104   0.00170   0.00083   0.00361   0.00000   0.00000   0.00598   0.00090   0.00120   2.01525   0.97487   0.11318   3.76320   2.61888  
 60 399.7516   7464.108017  x:  0.00000   0.00000   0.00078   0.00000   0.00256   0.11027   0.12953   0.66286   0.00111   0.00170   0.00084   0.00336   0.00000   0.00000   0.00533   0.00092   0.00113   2.01524   0.97525   0.11299   3.76320   2.61888  
 61 226.8193   7464.095386  x:  0.00000   0.00000   0.00091   0.00000   0.00255   0.11024   0.12952   0.66285   0.00111   0.00171   0.00083   0.00329   0.00000   0.00000   0.00523   0.00090   0.00111   2.01524   0.97540   0.11292   3.76320   2.61888  
 62 218.7609   7464.036465  x:  0.00000   0.00000   0.00086   0.00000   0.00254   0.10991   0.12933   0.66272   0.00108   0.00174   0.00078   0.00329   0.00000   0.00000   0.00539   0.00081   0.00112   2.01522   0.97680   0.11212   3.76321   2.61887  
 63 111.7864   7464.027145  x:  0.00000   0.00000   0.00088   0.00000   0.00254   0.10984   0.12929   0.66269   0.00109   0.00171   0.00082   0.00330   0.00000   0.00000   0.00542   0.00090   0.00111   2.01522   0.97702   0.11196   3.76321   2.61886  
 64 321.0008   7464.016380  x:  0.00000   0.00000   0.00088   0.00000   0.00250   0.10954   0.12909   0.66256   0.00110   0.00164   0.00092   0.00330   0.00000   0.00000   0.00542   0.00084   0.00109   2.01520   0.97702   0.11151   3.76322   2.61886  
 65 50.5262   7463.919505  x:  0.00000   0.00000   0.00087   0.00000   0.00229   0.10675   0.12722   0.66130   0.00104   0.00171   0.00083   0.00328   0.00000   0.00000   0.00538   0.00090   0.00112   2.01507   0.97683   0.10739   3.76326   2.61883  
 66 580.9800   7463.903997  x:  0.00000   0.00000   0.00087   0.00000   0.00252   0.10627   0.12691   0.66108   0.00103   0.00170   0.00084   0.00324   0.00000   0.00000   0.00538   0.00089   0.00111   2.01505   0.97679   0.10670   3.76326   2.61882  
 67 423.6353   7463.876331  x:  0.00000   0.00000   0.00086   0.00000   0.00251   0.10657   0.12880   0.65709   0.00091   0.00169   0.00085   0.00315   0.00000   0.00000   0.00538   0.00090   0.00112   2.01453   0.97668   0.10580   3.76308   2.61847  
 68  8.0626   7463.859238  x:  0.00000   0.00000   0.00085   0.00000   0.00250   0.10525   0.12824   0.65320   0.00084   0.00168   0.00086   0.00309   0.00000   0.00000   0.00537   0.00090   0.00113   2.01387   0.97717   0.10744   3.76279   2.61800  
 69 11.9171   7463.840361  x:  0.00000   0.00000   0.00086   0.00000   0.00250   0.10589   0.12722   0.64537   0.00091   0.00169   0.00085   0.00314   0.00000   0.00000   0.00535   0.00089   0.00112   2.01212   0.97754   0.10773   3.76214   2.61678  
 70  7.7402   7463.834979  x:  0.00000   0.00000   0.00086   0.00000   0.00250   0.10445   0.12870   0.64484   0.00094   0.00169   0.00085   0.00316   0.00000   0.00000   0.00535   0.00089   0.00111   2.00646   0.97755   0.10773   3.76015   2.61254  
 71  1.4614   7463.780469  x:  0.00000   0.00000   0.00086   0.00000   0.00250   0.10541   0.12733   0.64264   0.00090   0.00169   0.00085   0.00316   0.00000   0.00000   0.00535   0.00090   0.00110   1.94512   0.97744   0.10668   3.73837   2.56597  
 72 13.4957   7463.426045  x:  0.00000   0.00000   0.00084   0.00000   0.00249   0.10398   0.12455   0.62699   0.00083   0.00170   0.00084   0.00333   0.00000   0.00000   0.00531   0.00091   0.00092   1.94214   0.97489   0.09516   3.47048   1.98125  
 73  1.4857   7463.426020  x:  0.00000   0.00000   0.00084   0.00001   0.00249   0.10398   0.12455   0.62698   0.00083   0.00170   0.00084   0.00333   0.00000   0.00000   0.00531   0.00091   0.00092   1.94214   0.97488   0.09515   3.47031   1.98088  
 74 323.2490   7463.339728  x:  0.00000   0.00000   0.00083   0.00003   0.00249   0.10465   0.12584   0.63106   0.00081   0.00171   0.00081   0.00346   0.00000   0.00000   0.00529   0.00090   0.00079   1.96464   0.97348   0.08476   3.04955   2.03173  
 75  0.2205   7463.214206  x:  0.00000   0.00000   0.00082   0.00006   0.00244   0.10398   0.12538   0.62722   0.00085   0.00170   0.00081   0.00344   0.00000   0.00000   0.00531   0.00089   0.00093   1.95932   0.97296   0.06433   2.08862   1.95987  
 76  0.4616   7463.136609  x:  0.00000   0.00000   0.00082   0.00008   0.00241   0.10366   0.12547   0.62798   0.00086   0.00169   0.00082   0.00338   0.00000   0.00000   0.00530   0.00089   0.00096   1.95228   0.97441   0.05280   1.54426   2.04951  
 77  0.7924   7462.953293  x:  0.00000   0.00000   0.00084   0.00007   0.00237   0.10316   0.12558   0.63109   0.00085   0.00166   0.00085   0.00323   0.00000   0.00000   0.00528   0.00090   0.00101   1.93349   0.97850   0.04033   1.04118   2.26600  
 78  0.9057   7462.851757  x:  0.00000   0.00000   0.00084   0.00005   0.00238   0.10309   0.12571   0.63303   0.00085   0.00165   0.00086   0.00316   0.00000   0.00000   0.00528   0.00090   0.00102   1.92639   0.98067   0.04169   1.09993   2.40146  
 79  0.6227   7462.790242  x:  0.00000   0.00000   0.00085   0.00002   0.00241   0.10342   0.12646   0.63578   0.00084   0.00165   0.00086   0.00320   0.00000   0.00000   0.00528   0.00090   0.00100   1.93386   0.98292   0.04339   1.08360   2.60556  
 80  0.6957   7462.764303  x:  0.00000   0.00000   0.00085   0.00000   0.00243   0.10358   0.12676   0.63622   0.00084   0.00166   0.00085   0.00324   0.00000   0.00000   0.00529   0.00090   0.00098   1.93925   0.98303   0.04274   1.05993   2.64146  
 81  0.2409   7462.654266  x:  0.00000   0.00000   0.00083   0.00000   0.00263   0.10448   0.12891   0.64142   0.00084   0.00168   0.00080   0.00345   0.00000   0.00000   0.00534   0.00090   0.00083   1.97089   0.98414   0.03805   0.89025   3.02944  
 82  0.3866   7462.637774  x:  0.00000   0.00000   0.00083   0.00000   0.00260   0.10460   0.12938   0.64284   0.00083   0.00168   0.00080   0.00348   0.00000   0.00000   0.00534   0.00090   0.00085   1.97345   0.98411   0.03940   0.94214   3.12213  
 83  0.1525   7462.606607  x:  0.00000   0.00000   0.00084   0.00000   0.00248   0.10459   0.13054   0.64814   0.00082   0.00167   0.00081   0.00348   0.00000   0.00000   0.00533   0.00090   0.00093   1.97069   0.98569   0.03685   0.84009   3.44718  
 84  0.3393   7462.595114  x:  0.00000   0.00000   0.00084   0.00000   0.00245   0.10447   0.13089   0.64967   0.00084   0.00167   0.00082   0.00340   0.00000   0.00000   0.00533   0.00090   0.00089   1.96417   0.98584   0.03577   0.80571   3.60337  
 85  0.1398   7462.591280  x:  0.00000   0.00000   0.00084   0.00000   0.00249   0.10457   0.13114   0.65100   0.00085   0.00167   0.00081   0.00338   0.00000   0.00000   0.00532   0.00090   0.00087   1.96402   0.98623   0.03605   0.81159   3.71353  
 86  0.1282   7462.590271  x:  0.00000   0.00000   0.00084   0.00000   0.00252   0.10467   0.13139   0.65196   0.00083   0.00167   0.00081   0.00340   0.00000   0.00000   0.00532   0.00090   0.00089   1.96573   0.98641   0.03553   0.79428   3.78624  
 87  0.0784   7462.590158  x:  0.00000   0.00000   0.00084   0.00000   0.00251   0.10469   0.13143   0.65208   0.00084   0.00167   0.00081   0.00340   0.00000   0.00000   0.00533   0.00090   0.00089   1.96615   0.98638   0.03555   0.79558   3.79330  
 88  0.0112   7462.590126  x:  0.00000   0.00000   0.00084   0.00000   0.00251   0.10470   0.13150   0.65228   0.00084   0.00167   0.00081   0.00340   0.00000   0.00000   0.00533   0.00090   0.00089   1.96640   0.98642   0.03548   0.79328   3.80802  
 89  0.0167   7462.590121  x:  0.00000   0.00000   0.00084   0.00000   0.00251   0.10471   0.13151   0.65232   0.00084   0.00167   0.00081   0.00340   0.00000   0.00000   0.00533   0.00090   0.00088   1.96626   0.98642   0.03550   0.79347   3.81094  
 90  0.0011   7462.590121  x:  0.00000   0.00000   0.00084   0.00000   0.00251   0.10471   0.13151   0.65232   0.00084   0.00167   0.00081   0.00340   0.00000   0.00000   0.00533   0.00090   0.00088   1.96626   0.98642   0.03550   0.79347   3.81093  
 91  0.0016   7462.590121  x:  0.00000   0.00000   0.00084   0.00000   0.00251   0.10471   0.13151   0.65232   0.00084   0.00167   0.00081   0.00340   0.00000   0.00000   0.00533   0.00090   0.00088   1.96627   0.98642   0.03550   0.79347   3.81088  
 92  0.0017   7462.590121  x:  0.00000   0.00000   0.00084   0.00000   0.00251   0.10471   0.13151   0.65232   0.00084   0.00167   0.00081   0.00340   0.00000   0.00000   0.00533   0.00090   0.00088   1.96627   0.98642   0.03550   0.79346   3.81083  
 93  0.0018   7462.590121  x:  0.00000   0.00000   0.00084   0.00000   0.00251   0.10471   0.13151   0.65232   0.00084   0.00167   0.00081   0.00340   0.00000   0.00000   0.00533   0.00090   0.00088   1.96627   0.98642   0.03550   0.79346   3.81078  
 94  0.0019   7462.590121  x:  0.00000   0.00000   0.00084   0.00000   0.00251   0.10471   0.13151   0.65231   0.00084   0.00167   0.00081   0.00340   0.00000   0.00000   0.00533   0.00090   0.00088   1.96627   0.98642   0.03549   0.79346   3.81074  
 95  0.0019   7462.590121  x:  0.00000   0.00000   0.00084   0.00000   0.00251   0.10471   0.13151   0.65231   0.00084   0.00167   0.00081   0.00340   0.00000   0.00000   0.00533   0.00090   0.00088   1.96628   0.98642   0.03549   0.79346   3.81070  
 96  0.0019   7462.590121  x:  0.00000   0.00000   0.00084   0.00000   0.00251   0.10471   0.13151   0.65231   0.00084   0.00167   0.00081   0.00340   0.00000   0.00000   0.00533   0.00090   0.00088   1.96628   0.98642   0.03549   0.79346   3.81066  
 97  0.0019   7462.590121  x:  0.00000   0.00000   0.00084   0.00000   0.00251   0.10471   0.13151   0.65231   0.00084   0.00167   0.00081   0.00340   0.00000   0.00000   0.00533   0.00090   0.00088   1.96628   0.98642   0.03549   0.79346   3.81062  
 98  0.0019   7462.590121  x:  0.00000   0.00000   0.00084   0.00000   0.00251   0.10471   0.13151   0.65231   0.00084   0.00167   0.00081   0.00340   0.00000   0.00000   0.00533   0.00090   0.00088   1.96628   0.98642   0.03549   0.79346   3.81059  
 99  0.0019   7462.590121  x:  0.00000   0.00000   0.00084   0.00000   0.00251   0.10471   0.13151   0.65231   0.00084   0.00167   0.00081   0.00340   0.00000   0.00000   0.00533   0.00090   0.00088   1.96628   0.98642   0.03549   0.79345   3.81056  
100  0.0019   7462.590121  x:  0.00000   0.00000   0.00084   0.00000   0.00251   0.10471   0.13151   0.65231   0.00084   0.00167   0.00081   0.00340   0.00000   0.00000   0.00533   0.00090   0.00088   1.96628   0.98642   0.03549   0.79345   3.81054  
101  0.0018   7462.590121  x:  0.00000   0.00000   0.00084   0.00000   0.00251   0.10471   0.13151   0.65231   0.00084   0.00167   0.00081   0.00340   0.00000   0.00000   0.00533   0.00090   0.00088   1.96628   0.98642   0.03549   0.79345   3.81052  
102  0.0018   7462.590121  x:  0.00000   0.00000   0.00084   0.00000   0.00251   0.10471   0.13151   0.65231   0.00084   0.00167   0.00081   0.00340   0.00000   0.00000   0.00533   0.00090   0.00088   1.96629   0.98642   0.03549   0.79345   3.81050  
103  0.0017   7462.590121  x:  0.00000   0.00000   0.00084   0.00000   0.00251   0.10471   0.13151   0.65231   0.00084   0.00167   0.00081   0.00340   0.00000   0.00000   0.00533   0.00090   0.00088   1.96629   0.98642   0.03549   0.79345   3.81049  
104  0.0017   7462.590121  x:  0.00000   0.00000   0.00084   0.00000   0.00251   0.10471   0.13151   0.65231   0.00084   0.00167   0.00081   0.00340   0.00000   0.00000   0.00533   0.00090   0.00088   1.96629   0.98642   0.03549   0.79345   3.81047  
105  0.0017   7462.590121  x:  0.00000   0.00000   0.00084   0.00000   0.00251   0.10471   0.13151   0.65231   0.00084   0.00167   0.00081   0.00340   0.00000   0.00000   0.00533   0.00090   0.00088   1.96629   0.98642   0.03549   0.79345   3.81045  
106  0.0016   7462.590121  x:  0.00000   0.00000   0.00084   0.00000   0.00251   0.10471   0.13151   0.65231   0.00084   0.00167   0.00081   0.00340   0.00000   0.00000   0.00533   0.00090   0.00088   1.96629   0.98642   0.03549   0.79345   3.81044  
107  0.0016   7462.590121  x:  0.00000   0.00000   0.00084   0.00000   0.00251   0.10471   0.13151   0.65231   0.00084   0.00167   0.00081   0.00340   0.00000   0.00000   0.00533   0.00090   0.00088   1.96629   0.98642   0.03549   0.79345   3.81043  
108  0.0016   7462.590121  x:  0.00000   0.00000   0.00084   0.00000   0.00251   0.10471   0.13151   0.65231   0.00084   0.00167   0.00081   0.00340   0.00000   0.00000   0.00533   0.00090   0.00088   1.96629   0.98642   0.03549   0.79345   3.81042  
109  0.0015   7462.590121  x:  0.00000   0.00000   0.00084   0.00000   0.00251   0.10471   0.13151   0.65231   0.00084   0.00167   0.00081   0.00340   0.00000   0.00000   0.00533   0.00090   0.00088   1.96629   0.98642   0.03549   0.79345   3.81041  
110  0.0015   7462.590121  x:  0.00000   0.00000   0.00084   0.00000   0.00251   0.10471   0.13151   0.65231   0.00084   0.00167   0.00081   0.00340   0.00000   0.00000   0.00533   0.00090   0.00088   1.96629   0.98642   0.03549   0.79345   3.81041  
111  0.0015   7462.590121  x:  0.00000   0.00000   0.00084   0.00000   0.00251   0.10471   0.13151   0.65231   0.00084   0.00167   0.00081   0.00340   0.00000   0.00000   0.00533   0.00090   0.00088   1.96629   0.98642   0.03549   0.79345   3.81040  
112  0.0014   7462.590121  x:  0.00000   0.00000   0.00084   0.00000   0.00251   0.10471   0.13151   0.65231   0.00084   0.00167   0.00081   0.00340   0.00000   0.00000   0.00533   0.00090   0.00088   1.96629   0.98642   0.03549   0.79345   3.81040  
113  0.0014   7462.590121  x:  0.00000   0.00000   0.00084   0.00000   0.00251   0.10471   0.13151   0.65231   0.00084   0.00167   0.00081   0.00340   0.00000   0.00000   0.00533   0.00090   0.00088   1.96629   0.98642   0.03549   0.79345   3.81038  
114  0.0015   7462.590121  x:  0.00000   0.00000   0.00084   0.00000   0.00251   0.10471   0.13151   0.65231   0.00084   0.00167   0.00081   0.00340   0.00000   0.00000   0.00533   0.00090   0.00088   1.96629   0.98642   0.03549   0.79345   3.81038  
115  0.0014   7462.590121  x:  0.00000   0.00000   0.00084   0.00000   0.00251   0.10471   0.13151   0.65231   0.00084   0.00167   0.00081   0.00340   0.00000   0.00000   0.00533   0.00090   0.00088   1.96629   0.98642   0.03549   0.79345   3.81038  
116  0.0012   7462.590121  x:  0.00000   0.00000   0.00084   0.00000   0.00251   0.10471   0.13151   0.65231   0.00084   0.00167   0.00081   0.00340   0.00000   0.00000   0.00533   0.00090   0.00088   1.96629   0.98642   0.03549   0.79345   3.81038  
117  0.0044   7462.590121  x:  0.00000   0.00000   0.00084   0.00000   0.00251   0.10471   0.13151   0.65231   0.00084   0.00167   0.00081   0.00340   0.00000   0.00000   0.00533   0.00090   0.00088   1.96629   0.98642   0.03549   0.79345   3.81038  
check convergence!
