

TREE # 1

  0  0.0000   9451.195684  x:  0.05929   0.08975   0.05741   0.04773   0.03809   0.04153   0.06635   0.02700   0.06073   0.10626   0.10434   0.07189   0.04156   0.04927   0.07464   0.06705   0.07550   2.00000   1.50563   0.16071   0.16781   1.12946  
  1 99.0000   8540.397191  x:  0.03247   0.06341   0.03107   0.02095   0.01198   0.01665   0.04223   0.00000   0.03391   0.08284   0.08233   0.04694   0.01714   0.09235   0.10837   0.25328   0.04993   2.00036   1.50980   0.15852   0.13543   1.12883  
  2 7535.7007   8389.426617  x:  0.01919   0.05045   0.01828   0.00766   0.00000   0.00625   0.03121   0.00000   0.02062   0.07066   0.07108   0.03469   0.00564   0.09454   0.11256   0.25181   0.03763   2.00056   1.51218   0.15728   0.11965   1.12822  
  3 4083.7032   8323.762555  x:  0.01256   0.04400   0.01192   0.00113   0.00036   0.00136   0.02575   0.00000   0.01399   0.06460   0.06547   0.02859   0.00000   0.09561   0.11459   0.25116   0.03151   2.00066   1.51337   0.15666   0.11190   1.12790  
  4 43706.9949   8313.409277  x:  0.01142   0.04289   0.01083   0.00000   0.00040   0.00072   0.02482   0.00000   0.01285   0.06355   0.06451   0.02754   0.00012   0.09579   0.11494   0.25106   0.03046   2.00068   1.51358   0.15655   0.11059   1.12784  
  5 37355.3434   8222.419756  x:  0.00003   0.03180   0.00000   0.00000   0.00051   0.00067   0.01561   0.00000   0.00146   0.05312   0.05490   0.01711   0.00014   0.09755   0.11828   0.25021   0.02001   2.00086   1.51564   0.15549   0.09759   1.12725  
  6 84591.0450   8222.192640  x:  0.00000   0.03177   0.00000   0.00000   0.00051   0.00067   0.01558   0.00000   0.00143   0.05309   0.05487   0.01708   0.00014   0.09756   0.11829   0.25020   0.01998   2.00086   1.51565   0.15548   0.09756   1.12725  
  7 27243.3368   8212.950874  x:  0.00000   0.03013   0.00000   0.00000   0.00053   0.00066   0.01485   0.00000   0.00000   0.05179   0.05369   0.01584   0.00014   0.09770   0.11859   0.25013   0.01882   2.00088   1.51591   0.15535   0.09612   1.12715  
  8 19012.2936   8207.543830  x:  0.00000   0.03033   0.00000   0.00000   0.00054   0.00067   0.01443   0.00000   0.00000   0.05043   0.05248   0.01471   0.00014   0.09780   0.11880   0.25009   0.01797   2.00091   1.51620   0.15520   0.09461   1.12704  
  9 5787.2737   8145.347196  x:  0.00000   0.03042   0.00000   0.00000   0.00064   0.00053   0.02149   0.00000   0.00000   0.02823   0.03361   0.00000   0.00018   0.09750   0.11879   0.25041   0.01126   2.00145   1.52137   0.15259   0.07468   1.12453  
 10 10861.3802   8077.611511  x:  0.00000   0.02970   0.00001   0.00000   0.00084   0.00052   0.02803   0.00000   0.00000   0.00000   0.00948   0.00003   0.00020   0.09746   0.11939   0.25065   0.00139   2.00213   1.52787   0.14931   0.04861   1.12146  
 11 11592.9673   8067.742936  x:  0.00000   0.02889   0.00001   0.00000   0.00094   0.00059   0.02826   0.00000   0.00000   0.00000   0.00246   0.00003   0.00023   0.09770   0.11998   0.25061   0.00322   2.00236   1.53015   0.14816   0.03906   1.12042  
 12 6217.2587   8027.728656  x:  0.00000   0.02600   0.00001   0.00000   0.00137   0.00108   0.03370   0.00000   0.00000   0.00000   0.00296   0.00004   0.00037   0.09789   0.12095   0.25064   0.00381   2.00335   1.54029   0.14305   0.00000   1.11554  
 13 2665.6384   7941.001259  x:  0.00000   0.00578   0.00001   0.00000   0.00322   0.00237   0.03681   0.00000   0.00000   0.00000   0.00228   0.00004   0.00071   0.09630   0.11321   0.25463   0.00392   2.01932   1.75746   0.03415   0.00000   1.00000  
 14 616.2670   7930.221996  x:  0.00000   0.00294   0.00001   0.00000   0.00344   0.00291   0.04255   0.00000   0.00000   0.00000   0.00267   0.00005   0.00087   0.09220   0.17892   0.24744   0.00429   2.02348   1.80441   0.01027   0.00000   1.00000  
 15 321.0414   7924.274208  x:  0.00000   0.00033   0.00001   0.00000   0.00309   0.00292   0.03659   0.00000   0.00000   0.00000   0.00261   0.00005   0.00089   0.08739   0.17796   0.24865   0.00415   2.02490   1.80585   0.00931   0.00000   1.00000  
 16 29.5048   7916.985127  x:  0.00000   0.00004   0.00001   0.00000   0.00220   0.00315   0.03082   0.00000   0.00000   0.00000   0.00262   0.00005   0.00100   0.10908   0.17585   0.24441   0.00387   2.02579   1.81636   0.00357   0.00000   1.00000  
 17 75.2330   7899.839412  x:  0.00000   0.00010   0.00001   0.00000   0.00000   0.00347   0.01442   0.00000   0.00000   0.00000   0.00253   0.00005   0.00120   0.11215   0.17456   0.24361   0.00324   2.02739   1.84732  -0.01305   0.00000   1.00000  
 18 328.3613   7874.914277  x:  0.00000   0.00010   0.00001   0.00000   0.00004   0.00269   0.00231   0.00000   0.00000   0.00000   0.00580   0.00020   0.00099   0.11094   0.16741   0.24588   0.00845   2.00917   1.93394  -0.05985   0.00000   1.00000  
 19 35.2926   7835.475819  x:  0.00000   0.00008   0.00001   0.00000   0.00003   0.00064   0.01767   0.00000   0.00000   0.00000   0.01530   0.00057   0.00041   0.11273   0.14789   0.25421   0.02436   1.52477   2.32498  -0.16867   0.00000   1.00000  
 20 11.1102   7827.534443  x:  0.00000   0.00010   0.00001   0.00000   0.00005   0.00015   0.01834   0.00000   0.00000   0.00000   0.01553   0.00055   0.00027   0.11407   0.14688   0.25486   0.02425   1.77694   2.40845  -0.10185   0.00000   1.00000  
 21 14.9218   7760.420678  x:  0.00000   0.00061   0.00002   0.00000   0.00041   0.00175   0.01669   0.00000   0.00000   0.00000   0.00914   0.00000   0.00075   0.15623   0.15445   0.25660   0.00541   2.29022   3.47190   0.73325   0.00000   1.00000  
 22 15.1315   7760.420678  x:  0.00000   0.00061   0.00002   0.00000   0.00041   0.00175   0.01669   0.00000   0.00000   0.00000   0.00914   0.00000   0.00075   0.15623   0.15445   0.25660   0.00541   2.29022   3.47190   0.73325   0.00000   1.00000  
 23 6432.2250   7754.087469  x:  0.00000   0.00061   0.00054   0.00000   0.00042   0.00175   0.01668   0.00000   0.00000   0.00000   0.00913   0.00115   0.00076   0.15623   0.15445   0.25661   0.00541   2.29022   3.47190   0.73324   0.00001   1.00000  
 24 125308.9228   7748.870292  x:  0.00000   0.00174   0.00235   0.00000   0.00364   0.00312   0.01410   0.00000   0.00000   0.00000   0.00760   0.00033   0.00122   0.15586   0.15435   0.25949   0.00338   2.29019   3.47198   0.73319   0.00263   1.00000  
 25 2303.9455   7740.614389  x:  0.00000   0.00115   0.00072   0.00000   0.00416   0.00365   0.01002   0.00000   0.00000   0.00000   0.00542   0.00107   0.00086   0.15528   0.15422   0.26429   0.00084   2.29013   3.47212   0.73310   0.00585   1.00000  
 26 3399.7169   7732.799608  x:  0.00000   0.00036   0.00039   0.00000   0.00386   0.00385   0.00428   0.00000   0.00000   0.00000   0.00287   0.00122   0.00079   0.15442   0.15404   0.27149   0.00258   2.29005   3.47236   0.73293   0.00954   1.00000  
 27 5253.3933   7729.983994  x:  0.00000   0.00135   0.00081   0.00000   0.00262   0.00348   0.00215   0.00000   0.00000   0.00000   0.00270   0.00103   0.00076   0.15399   0.15396   0.27525   0.00255   2.29000   3.47250   0.73284   0.01071   1.00000  
 28 5022.9454   7721.981512  x:  0.00000   0.00015   0.00198   0.00000   0.00112   0.00318   0.00191   0.00000   0.00000   0.00000   0.00396   0.00050   0.00170   0.15273   0.15373   0.28616   0.00212   2.28987   3.47293   0.73255   0.01342   1.00000  
 29 3232.9319   7711.903939  x:  0.00000   0.00060   0.00194   0.00000   0.00010   0.00311   0.00290   0.00000   0.00000   0.00000   0.00490   0.00051   0.00255   0.15107   0.15342   0.30039   0.00250   2.28970   3.47349   0.73217   0.01696   1.00000  
 30 20463.2256   7696.577489  x:  0.00000   0.00122   0.00114   0.00000   0.00089   0.00048   0.00337   0.00000   0.00000   0.00000   0.00859   0.00087   0.00301   0.14789   0.15286   0.32832   0.00330   2.28936   3.47464   0.73139   0.02140   1.00000  
 31 29998.1397   7680.367611  x:  0.00000   0.00166   0.00008   0.00000   0.00143   0.00285   0.00283   0.00000   0.00000   0.00000   0.01349   0.00135   0.00166   0.14440   0.15230   0.35927   0.00420   2.28899   3.47599   0.73048   0.02297   1.00000  
 32 22056.3461   7674.849813  x:  0.00000   0.00161   0.00030   0.00000   0.00147   0.00311   0.00311   0.00000   0.00000   0.00000   0.01374   0.00126   0.00021   0.14343   0.15214   0.36797   0.00427   2.28888   3.47638   0.73022   0.02298   1.00000  
 33 22448.4313   7616.558090  x:  0.00000   0.00145   0.00149   0.00000   0.00184   0.00452   0.00548   0.00000   0.00000   0.00000   0.00235   0.00071   0.00376   0.13032   0.15022   0.48664   0.00193   2.28737   3.48218   0.72631   0.00444   1.00000  
 34 11898.7032   7615.009258  x:  0.00000   0.00143   0.00147   0.00000   0.00182   0.00446   0.00540   0.00000   0.00000   0.00000   0.00235   0.00071   0.00373   0.11550   0.13311   0.48468   0.00192   2.27746   3.53136   0.69317   0.00512   1.00000  
 35 44.7283   7614.955166  x:  0.00000   0.00143   0.00147   0.00000   0.00181   0.00446   0.00540   0.00000   0.00000   0.00037   0.00235   0.00071   0.00373   0.11537   0.13295   0.48466   0.00192   2.27730   3.53213   0.69265   0.00513   1.00000  
 36 829.8786   7604.249508  x:  0.00000   0.00139   0.00154   0.00000   0.00180   0.00448   0.00539   0.00000   0.00000   0.00050   0.00168   0.00068   0.00390   0.13241   0.13587   0.48314   0.00179   2.19218   3.94846   0.41254   0.01573   1.00000  
 37 341.6093   7604.105366  x:  0.00000   0.00139   0.00154   0.00000   0.00180   0.00448   0.00538   0.00000   0.00000   0.00047   0.00168   0.00068   0.00390   0.12464   0.14357   0.48242   0.00179   2.18725   3.95328   0.40961   0.01584   1.00000  
 38 23.9405   7600.887892  x:  0.00000   0.00142   0.00154   0.00000   0.00182   0.00454   0.00522   0.00000   0.00000   0.00000   0.00274   0.00068   0.00389   0.12575   0.14242   0.48940   0.00187   1.68101   3.99175   0.42325   0.01611   1.00000  
 39  9.4501   7600.887892  x:  0.00000   0.00142   0.00154   0.00000   0.00182   0.00454   0.00522   0.00000   0.00000   0.00000   0.00274   0.00068   0.00389   0.12575   0.14242   0.48940   0.00187   1.68101   3.99175   0.42325   0.01611   1.00000  
 40  1.8478   7597.331075  x:  0.00000   0.00052   0.00054   0.00000   0.00065   0.00357   0.00513   0.00000   0.00000   0.00004   0.00464   0.00124   0.00234   0.12570   0.14241   0.48985   0.00260   1.68103   3.99177   0.42324   0.01563   1.00000  
 41 1870.7426   7597.156217  x:  0.00000   0.00056   0.00057   0.00000   0.00064   0.00351   0.00513   0.00000   0.00000   0.00000   0.00470   0.00122   0.00224   0.12569   0.14241   0.48989   0.00262   1.68103   3.99177   0.42324   0.01560   1.00000  
 42 1842.9524   7596.503509  x:  0.00000   0.00032   0.00056   0.00000   0.00109   0.00300   0.00508   0.00000   0.00000   0.00000   0.00503   0.00088   0.00123   0.12565   0.14241   0.49031   0.00257   1.68105   3.99178   0.42323   0.01527   1.00000  
 43 2299.4074   7596.428147  x:  0.00000   0.00037   0.00045   0.00000   0.00112   0.00295   0.00508   0.00000   0.00000   0.00000   0.00503   0.00086   0.00112   0.12564   0.14240   0.49040   0.00252   1.68106   3.99178   0.42323   0.01521   1.00000  
 44 975.1088   7596.180435  x:  0.00000   0.00032   0.00046   0.00000   0.00084   0.00272   0.00504   0.00000   0.00000   0.00000   0.00471   0.00105   0.00078   0.12552   0.14239   0.49141   0.00209   1.68111   3.99181   0.42321   0.01470   1.00000  
 45 549.3452   7595.404676  x:  0.00000   0.00030   0.00040   0.00000   0.00085   0.00189   0.00489   0.00000   0.00000   0.00000   0.00459   0.00103   0.00140   0.12496   0.14230   0.49632   0.00205   1.68134   3.99194   0.42313   0.01253   1.00000  
 46 833.5348   7594.043607  x:  0.00000   0.00032   0.00043   0.00000   0.00096   0.00340   0.00478   0.00000   0.00000   0.00000   0.00453   0.00113   0.00111   0.12375   0.14211   0.50682   0.00265   1.68184   3.99221   0.42297   0.01004   1.00000  
 47 1931.9040   7588.853102  x:  0.00000   0.00027   0.00040   0.00000   0.00046   0.00367   0.00487   0.00000   0.00000   0.00000   0.00486   0.00016   0.00124   0.12042   0.14155   0.53547   0.00215   1.68321   3.99291   0.42255   0.01050   1.00000  
 48 2967.9736   7574.817676  x:  0.00000   0.00038   0.00050   0.00000   0.00119   0.00388   0.00522   0.00000   0.00000   0.00000   0.00626   0.00093   0.00167   0.10768   0.13943   0.64511   0.00047   1.68845   3.99556   0.42095   0.01296   1.00000  
 49 105995.1135   7568.263120  x:  0.00000   0.00031   0.00041   0.00000   0.00106   0.00269   0.00547   0.00000   0.00000   0.00000   0.00454   0.00142   0.00112   0.09841   0.13793   0.72555   0.00287   1.69230   3.99750   0.41977   0.01533   1.00000  
 50 65389.7550   7567.909584  x:  0.00000   0.00031   0.00041   0.00000   0.00107   0.00272   0.00406   0.00000   0.00000   0.00000   0.00450   0.00142   0.00112   0.10134   0.14016   0.72856   0.00288   1.69282   3.99759   0.41972   0.01551   1.00000  
 51 181.0161   7566.618449  x:  0.00000   0.00032   0.00042   0.00000   0.00109   0.00264   0.00547   0.00000   0.00000   0.00000   0.00442   0.00145   0.00111   0.11568   0.15091   0.74132   0.00293   1.69528   3.99794   0.41951   0.01581   1.00000  
 52 1004.8914   7566.604865  x:  0.00000   0.00030   0.00040   0.00000   0.00104   0.00265   0.00547   0.00000   0.00000   0.00000   0.00468   0.00146   0.00111   0.11604   0.15065   0.74151   0.00295   1.69576   3.99789   0.41954   0.01580   1.00000  
 53 22.9404   7566.338609  x:  0.00000   0.00031   0.00041   0.00000   0.00106   0.00265   0.00548   0.00000   0.00000   0.00000   0.00456   0.00146   0.00111   0.12765   0.13668   0.74384   0.00295   1.71602   3.99572   0.42085   0.01581   1.00000  
 54 34.2713   7563.931229  x:  0.00000   0.00033   0.00043   0.00000   0.00107   0.00265   0.00545   0.00000   0.00000   0.00000   0.00463   0.00147   0.00108   0.12010   0.14597   0.74870   0.00298   2.08685   3.95630   0.44473   0.01566   1.00000  
 55 29.3763   7563.297526  x:  0.00000   0.00044   0.00058   0.00000   0.00105   0.00249   0.00543   0.00000   0.00000   0.00000   0.00515   0.00147   0.00097   0.12163   0.14738   0.76466   0.00303   2.07387   3.83582   0.51377   0.01412   1.00000  
 56  0.5510   7561.755494  x:  0.00000   0.00075   0.00100   0.00000   0.00101   0.00206   0.00515   0.00000   0.00000   0.00000   0.00644   0.00140   0.00057   0.12184   0.14361   0.79024   0.00309   2.08360   3.95034   0.42094   0.01334   1.00000  
 57  1.8001   7561.021706  x:  0.00000   0.00084   0.00104   0.00000   0.00071   0.00265   0.00504   0.00000   0.00000   0.00000   0.00597   0.00136   0.00125   0.12183   0.14365   0.82532   0.00300   2.10119   3.92427   0.40264   0.01204   1.00000  
 58  0.0608   7560.790974  x:  0.00000   0.00085   0.00099   0.00000   0.00092   0.00266   0.00505   0.00000   0.00000   0.00000   0.00550   0.00126   0.00110   0.12123   0.14439   0.84029   0.00293   2.11594   3.89866   0.39997   0.01193   1.28932  
 59  0.4132   7560.576414  x:  0.00000   0.00087   0.00092   0.00000   0.00104   0.00266   0.00507   0.00000   0.00000   0.00000   0.00494   0.00113   0.00094   0.12070   0.14532   0.86160   0.00281   2.14202   3.96777   0.49054   0.01238   1.23676  
 60  0.2135   7560.400253  x:  0.00000   0.00090   0.00089   0.00000   0.00074   0.00242   0.00514   0.00000   0.00000   0.00000   0.00520   0.00100   0.00077   0.12062   0.14540   0.87141   0.00264   2.16380   4.09598   0.58807   0.01330   1.59715  
 61  0.2127   7560.278080  x:  0.00000   0.00094   0.00087   0.00000   0.00090   0.00243   0.00516   0.00000   0.00000   0.00000   0.00562   0.00080   0.00091   0.12176   0.14577   0.87895   0.00247   2.17809   4.32934   0.84398   0.01387   1.96618  
 62  0.3547   7559.981139  x:  0.00000   0.00093   0.00077   0.00000   0.00085   0.00266   0.00513   0.00000   0.00000   0.00000   0.00572   0.00061   0.00102   0.12409   0.14781   0.88986   0.00224   2.19048   4.90030   1.67048   0.01381   2.71911  
 63  0.6125   7559.757190  x:  0.00000   0.00087   0.00075   0.00000   0.00079   0.00279   0.00508   0.00000   0.00000   0.00000   0.00559   0.00068   0.00109   0.12440   0.14924   0.88613   0.00226   2.17471   5.19764   2.10985   0.01273   3.21734  
 64  0.7059   7559.526659  x:  0.00000   0.00084   0.00078   0.00000   0.00073   0.00273   0.00507   0.00000   0.00000   0.00000   0.00531   0.00080   0.00101   0.12300   0.14953   0.88222   0.00236   2.16225   5.16284   1.97600   0.01223   3.55311  
 65  0.4239   7559.219987  x:  0.00000   0.00080   0.00077   0.00000   0.00074   0.00246   0.00509   0.00000   0.00000   0.00000   0.00519   0.00078   0.00085   0.12098   0.15103   0.89246   0.00233   2.17175   5.68345   2.52897   0.01277   5.04725  
 66  1.6051   7559.083193  x:  0.00000   0.00076   0.00085   0.00000   0.00098   0.00246   0.00506   0.00000   0.00000   0.00000   0.00536   0.00097   0.00088   0.12013   0.14955   0.88397   0.00258   2.16134   5.71249   2.58106   0.01271   5.58052  
 67  0.3059   7558.786656  x:  0.00000   0.00081   0.00095   0.00000   0.00067   0.00280   0.00510   0.00000   0.00000   0.00000   0.00522   0.00118   0.00102   0.12583   0.15216   0.91675   0.00286   2.19447   5.61387   2.45899   0.01265   7.78813  
 68  0.3667   7558.554505  x:  0.00000   0.00086   0.00095   0.00000   0.00088   0.00262   0.00513   0.00000   0.00000   0.00000   0.00516   0.00115   0.00094   0.12782   0.15643   0.94039   0.00293   2.20504   5.36392   2.20434   0.01272   8.89598  
 69  0.7270   7558.426762  x:  0.00000   0.00090   0.00091   0.00000   0.00099   0.00245   0.00515   0.00000   0.00000   0.00000   0.00524   0.00101   0.00088   0.12920   0.16208   0.96423   0.00282   2.20544   5.45704   2.35092   0.01267  10.25917  
 70  1.8599   7558.334027  x:  0.00000   0.00094   0.00086   0.00000   0.00092   0.00245   0.00519   0.00000   0.00000   0.00000   0.00538   0.00090   0.00088   0.13149   0.16725   0.98792   0.00271   2.20300   5.30377   2.17762   0.01285  11.61376  
 71  1.3149   7558.284464  x:  0.00000   0.00093   0.00083   0.00000   0.00084   0.00259   0.00521   0.00000   0.00000   0.00000   0.00546   0.00085   0.00092   0.13349   0.16965   1.00002   0.00261   2.19212   5.39177   2.25616   0.01281  12.98301  
 72  0.9994   7558.261604  x:  0.00000   0.00088   0.00083   0.00000   0.00081   0.00256   0.00521   0.00000   0.00000   0.00000   0.00540   0.00090   0.00094   0.13617   0.17044   1.00923   0.00261   2.18789   5.38582   2.25622   0.01268  14.23680  
 73  0.5928   7558.252190  x:  0.00000   0.00084   0.00084   0.00000   0.00086   0.00253   0.00521   0.00000   0.00000   0.00000   0.00541   0.00091   0.00091   0.13698   0.17016   1.01040   0.00259   2.18865   5.44284   2.32137   0.01271  14.89997  
 74  0.4527   7558.249063  x:  0.00000   0.00083   0.00084   0.00000   0.00086   0.00255   0.00520   0.00000   0.00000   0.00000   0.00544   0.00089   0.00090   0.13662   0.16965   1.00769   0.00254   2.19139   5.44980   2.32559   0.01276  15.01410  
 75  0.0594   7558.247709  x:  0.00000   0.00082   0.00085   0.00000   0.00085   0.00254   0.00519   0.00000   0.00000   0.00000   0.00542   0.00089   0.00092   0.13591   0.16911   1.00360   0.00251   2.19127   5.47242   2.35247   0.01271  14.93351  
 76  0.0491   7558.247386  x:  0.00000   0.00083   0.00085   0.00000   0.00085   0.00253   0.00518   0.00000   0.00000   0.00000   0.00540   0.00089   0.00091   0.13549   0.16889   1.00129   0.00252   2.18998   5.47635   2.35580   0.01271  14.81184  
 77  0.0583   7558.247181  x:  0.00000   0.00084   0.00084   0.00000   0.00085   0.00253   0.00518   0.00000   0.00000   0.00000   0.00541   0.00089   0.00091   0.13567   0.16890   1.00118   0.00252   2.18879   5.48281   2.36298   0.01272  14.93117  
 78  0.0453   7558.247155  x:  0.00000   0.00084   0.00084   0.00000   0.00085   0.00253   0.00518   0.00000   0.00000   0.00000   0.00540   0.00089   0.00091   0.13574   0.16888   1.00142   0.00252   2.18938   5.48368   2.36413   0.01271  14.97126  
 79  0.0309   7558.247152  x:  0.00000   0.00084   0.00084   0.00000   0.00085   0.00253   0.00518   0.00000   0.00000   0.00000   0.00540   0.00089   0.00091   0.13573   0.16888   1.00151   0.00252   2.18973   5.48357   2.36390   0.01271  14.97332  
 80  0.0011   7558.247151  x:  0.00000   0.00084   0.00084   0.00000   0.00085   0.00253   0.00518   0.00000   0.00000   0.00000   0.00540   0.00089   0.00091   0.13573   0.16888   1.00145   0.00252   2.18957   5.48374   2.36417   0.01271  14.97163  
 81  0.0010   7558.247148  x:  0.00000   0.00084   0.00084   0.00000   0.00085   0.00253   0.00518   0.00000   0.00000   0.00000   0.00540   0.00089   0.00091   0.13572   0.16888   1.00146   0.00253   2.18970   5.48392   2.36425   0.01271  14.97420  
 82  0.0003   7558.247148  x:  0.00000   0.00084   0.00084   0.00000   0.00085   0.00253   0.00518   0.00000   0.00000   0.00000   0.00540   0.00089   0.00091   0.13572   0.16888   1.00146   0.00253   2.18968   5.48390   2.36424   0.01271  14.97386  
 83  0.0018   7558.247148  x:  0.00000   0.00084   0.00084   0.00000   0.00085   0.00253   0.00518   0.00000   0.00000   0.00000   0.00540   0.00089   0.00091   0.13572   0.16888   1.00146   0.00253   2.18967   5.48390   2.36424   0.01271  14.97383  
 84  0.0015   7558.247148  x:  0.00000   0.00084   0.00084   0.00000   0.00085   0.00253   0.00518   0.00000   0.00000   0.00000   0.00540   0.00089   0.00091   0.13572   0.16888   1.00146   0.00253   2.18967   5.48390   2.36424   0.01271  14.97383  
 85  0.0015   7558.247148  x:  0.00000   0.00084   0.00084   0.00000   0.00085   0.00253   0.00518   0.00000   0.00000   0.00000   0.00540   0.00089   0.00091   0.13572   0.16888   1.00146   0.00253   2.18967   5.48390   2.36424   0.01271  14.97383  
 86  0.0012   7558.247148  x:  0.00000   0.00084   0.00084   0.00000   0.00085   0.00253   0.00518   0.00000   0.00000   0.00000   0.00540   0.00089   0.00091   0.13572   0.16888   1.00146   0.00253   2.18967   5.48390   2.36424   0.01271  14.97383  
check convergence!
