Supplemental results for CODEML (seqf: Scodonaln.txt  treef: sgene.tree)


MLEs of dN/dS (w) for site classes (K=3)

p:   0.93796  0.05601  0.00603
w:   0.00972  0.62157 11.54735

Naive Empirical Bayes (NEB) probabilities for 3 classes & postmean_w & P(w>1)
(amino acids refer to 1st sequence: lclNC_045512.2_ref_gene_S/1-3717)

   1 R   0.98934 0.01065 0.00000 ( 1)  0.016  0.000
   2 T   0.99436 0.00563 0.00001 ( 1)  0.013  0.000
   3 Q   0.01252 0.96740 0.02008 ( 2)  0.833  0.020
   4 L   0.49342 0.50539 0.00119 ( 2)  0.333  0.001
   5 P   0.98065 0.01932 0.00003 ( 1)  0.022  0.000
   6 P   0.99024 0.00975 0.00001 ( 1)  0.016  0.000
   7 A   0.52528 0.47052 0.00420 ( 1)  0.346  0.004
   8 Y   0.98570 0.01428 0.00002 ( 1)  0.019  0.000
   9 T   0.98646 0.01353 0.00001 ( 1)  0.018  0.000
  10 N   0.99370 0.00628 0.00002 ( 1)  0.014  0.000
  11 S   0.98406 0.01591 0.00003 ( 1)  0.020  0.000
  12 F   0.41411 0.57029 0.01560 ( 2)  0.539  0.016
  13 T   0.98958 0.01036 0.00006 ( 1)  0.017  0.000
  14 R   0.97048 0.02940 0.00013 ( 1)  0.029  0.000
  15 G   0.99443 0.00557 0.00000 ( 1)  0.013  0.000
  16 V   0.98698 0.01301 0.00002 ( 1)  0.018  0.000
  17 Y   0.99308 0.00692 0.00001 ( 1)  0.014  0.000
  18 Y   0.98570 0.01428 0.00002 ( 1)  0.019  0.000
  19 P   0.99024 0.00975 0.00001 ( 1)  0.016  0.000
  20 D   0.98652 0.01347 0.00001 ( 1)  0.018  0.000
  21 K   0.99181 0.00819 0.00000 ( 1)  0.015  0.000
  22 V   0.99406 0.00593 0.00001 ( 1)  0.014  0.000
  23 F   0.98890 0.01108 0.00001 ( 1)  0.017  0.000
  24 R   0.98561 0.01438 0.00000 ( 1)  0.019  0.000
  25 S   0.98977 0.01021 0.00002 ( 1)  0.016  0.000
  26 S   0.98068 0.01931 0.00001 ( 1)  0.022  0.000
  27 V   0.75152 0.24757 0.00091 ( 1)  0.172  0.001
  28 L   0.98417 0.01582 0.00001 ( 1)  0.019  0.000
  29 H   0.99468 0.00532 0.00000 ( 1)  0.013  0.000
  30 S   0.25141 0.69808 0.05050 ( 2)  1.020  0.051
  31 T   0.99283 0.00715 0.00002 ( 1)  0.014  0.000
  32 Q   0.97745 0.02253 0.00001 ( 1)  0.024  0.000
  33 D   0.98959 0.01038 0.00002 ( 1)  0.016  0.000
  34 L   0.95211 0.04766 0.00023 ( 1)  0.042  0.000
  35 F   0.98674 0.01324 0.00001 ( 1)  0.018  0.000
  36 L   0.98417 0.01582 0.00001 ( 1)  0.019  0.000
  37 P   0.99294 0.00705 0.00000 ( 1)  0.014  0.000
  38 F   0.98341 0.01658 0.00001 ( 1)  0.020  0.000
  39 F   0.99282 0.00717 0.00001 ( 1)  0.014  0.000
  40 S   0.98513 0.01485 0.00002 ( 1)  0.019  0.000
  41 N   0.99538 0.00461 0.00001 ( 1)  0.013  0.000
  42 V   0.99129 0.00866 0.00005 ( 1)  0.016  0.000
  43 T   0.99208 0.00790 0.00002 ( 1)  0.015  0.000
  44 W   0.96871 0.03128 0.00000 ( 1)  0.029  0.000
  45 F   0.98890 0.01108 0.00001 ( 1)  0.017  0.000
  46 H   0.61868 0.38029 0.00103 ( 1)  0.254  0.001
  47 A   0.67312 0.32576 0.00113 ( 1)  0.222  0.001
  48 I   0.99024 0.00975 0.00001 ( 1)  0.016  0.000
  49 S   0.00927 0.93769 0.05305 ( 2)  1.195  0.053
  50 G   0.97727 0.02270 0.00003 ( 1)  0.024  0.000
  51 G   0.99095 0.00905 0.00001 ( 1)  0.015  0.000
  52 T   0.01862 0.95634 0.02504 ( 2)  0.884  0.025
  53 K   0.98553 0.01446 0.00002 ( 1)  0.019  0.000
  54 R   0.42837 0.57123 0.00040 ( 2)  0.364  0.000
  55 F   0.99481 0.00519 0.00001 ( 1)  0.013  0.000
  56 D   0.70932 0.28122 0.00945 ( 1)  0.291  0.009
  57 N   0.99073 0.00925 0.00002 ( 1)  0.016  0.000
  58 P   0.99169 0.00830 0.00002 ( 1)  0.015  0.000
  59 V   0.99122 0.00874 0.00003 ( 1)  0.015  0.000
  60 L   0.97796 0.02197 0.00008 ( 1)  0.024  0.000
  61 P   0.98475 0.01524 0.00000 ( 1)  0.019  0.000
  62 F   0.99282 0.00717 0.00001 ( 1)  0.014  0.000
  63 N   0.99370 0.00628 0.00002 ( 1)  0.014  0.000
  64 D   0.99546 0.00453 0.00001 ( 1)  0.013  0.000
  65 G   0.99208 0.00791 0.00001 ( 1)  0.015  0.000
  66 V   0.99182 0.00816 0.00002 ( 1)  0.015  0.000
  67 Y   0.99018 0.00981 0.00001 ( 1)  0.016  0.000
  68 F   0.99481 0.00519 0.00001 ( 1)  0.013  0.000
  69 A   0.99189 0.00809 0.00001 ( 1)  0.015  0.000
  70 S   0.97712 0.02286 0.00001 ( 1)  0.024  0.000
  71 T   0.99101 0.00898 0.00002 ( 1)  0.015  0.000
  72 E   0.98646 0.01353 0.00001 ( 1)  0.018  0.000
  73 K   0.98381 0.01619 0.00000 ( 1)  0.020  0.000
  74 S   0.98979 0.01020 0.00001 ( 1)  0.016  0.000
  75 N   0.99326 0.00671 0.00003 ( 1)  0.014  0.000
  76 I   0.99165 0.00832 0.00003 ( 1)  0.015  0.000
  77 I   0.99029 0.00970 0.00001 ( 1)  0.016  0.000
  78 R   0.97185 0.02799 0.00016 ( 1)  0.029  0.000
  79 G   0.98805 0.01189 0.00007 ( 1)  0.018  0.000
  80 W   0.96871 0.03128 0.00000 ( 1)  0.029  0.000
  81 I   0.99453 0.00546 0.00001 ( 1)  0.013  0.000
  82 F   0.99481 0.00519 0.00001 ( 1)  0.013  0.000
  83 G   0.99194 0.00805 0.00001 ( 1)  0.015  0.000
  84 T   0.99283 0.00715 0.00002 ( 1)  0.014  0.000
  85 T   0.98968 0.01029 0.00003 ( 1)  0.016  0.000
  86 L   0.97230 0.02758 0.00012 ( 1)  0.028  0.000
  87 D   0.99546 0.00453 0.00001 ( 1)  0.013  0.000
  88 S   0.35325 0.62576 0.02099 ( 2)  0.635  0.021
  89 K   0.52330 0.47604 0.00065 ( 1)  0.309  0.001
  90 T   0.98766 0.01232 0.00003 ( 1)  0.018  0.000
  91 Q   0.97745 0.02253 0.00001 ( 1)  0.024  0.000
  92 S   0.98977 0.01021 0.00002 ( 1)  0.016  0.000
  93 L   0.98533 0.01463 0.00004 ( 1)  0.019  0.000
  94 L   0.59350 0.39616 0.01034 ( 1)  0.371  0.010
  95 I   0.99343 0.00655 0.00002 ( 1)  0.014  0.000
  96 V   0.99406 0.00593 0.00001 ( 1)  0.014  0.000
  97 N   0.99390 0.00609 0.00001 ( 1)  0.014  0.000
  98 N   0.98682 0.01317 0.00001 ( 1)  0.018  0.000
  99 A   0.99275 0.00723 0.00002 ( 1)  0.014  0.000
 100 T   0.99200 0.00799 0.00001 ( 1)  0.015  0.000
 101 N   0.99538 0.00461 0.00001 ( 1)  0.013  0.000
 102 V   0.99406 0.00593 0.00001 ( 1)  0.014  0.000
 103 V   0.99406 0.00593 0.00001 ( 1)  0.014  0.000
 104 I   0.99270 0.00729 0.00001 ( 1)  0.014  0.000
 105 K   0.99181 0.00819 0.00000 ( 1)  0.015  0.000
 106 V   0.98503 0.01492 0.00005 ( 1)  0.019  0.000
 107 C   0.99306 0.00694 0.00000 ( 1)  0.014  0.000
 108 E   0.98913 0.01086 0.00001 ( 1)  0.016  0.000
 109 F   0.99481 0.00519 0.00001 ( 1)  0.013  0.000
 110 Q   0.98054 0.01945 0.00001 ( 1)  0.022  0.000
 111 F   0.99481 0.00519 0.00001 ( 1)  0.013  0.000
 112 C   0.98892 0.01107 0.00000 ( 1)  0.017  0.000
 113 N   0.70506 0.29362 0.00132 ( 1)  0.205  0.001
 114 D   0.99546 0.00453 0.00001 ( 1)  0.013  0.000
 115 P   0.98475 0.01524 0.00000 ( 1)  0.019  0.000
 116 F   0.99481 0.00519 0.00001 ( 1)  0.013  0.000
 117 L   0.97874 0.02125 0.00001 ( 1)  0.023  0.000
 118 G   0.99443 0.00557 0.00000 ( 1)  0.013  0.000
 119 V   0.99406 0.00593 0.00001 ( 1)  0.014  0.000
 120 Y   0.99015 0.00984 0.00001 ( 1)  0.016  0.000
 121 H   0.98778 0.01221 0.00001 ( 1)  0.017  0.000
 122 K   0.64474 0.35460 0.00065 ( 1)  0.234  0.001
 123 N   0.98682 0.01317 0.00001 ( 1)  0.018  0.000
 124 N   0.99073 0.00925 0.00002 ( 1)  0.016  0.000
 125 K   0.99181 0.00819 0.00000 ( 1)  0.015  0.000
 126 S   0.55327 0.44459 0.00214 ( 1)  0.306  0.002
 127 W   0.96871 0.03128 0.00000 ( 1)  0.029  0.000
 128 M   0.29726 0.70150 0.00124 ( 2)  0.453  0.001
 129 E   0.99165 0.00834 0.00000 ( 1)  0.015  0.000
 130 S   0.77872 0.22096 0.00032 ( 1)  0.149  0.000
 131 E   0.98324 0.01676 0.00000 ( 1)  0.020  0.000
 132 F   0.98890 0.01108 0.00001 ( 1)  0.017  0.000
 133 R   0.98934 0.01065 0.00000 ( 1)  0.016  0.000
 134 V   0.99406 0.00593 0.00001 ( 1)  0.014  0.000
 135 Y   0.99061 0.00938 0.00001 ( 1)  0.016  0.000
 136 S   0.99004 0.00994 0.00002 ( 1)  0.016  0.000
 137 S   0.99565 0.00434 0.00000 ( 1)  0.012  0.000
 138 A   0.97830 0.02163 0.00007 ( 1)  0.024  0.000
 139 N   0.99390 0.00609 0.00001 ( 1)  0.014  0.000
 140 N   0.99538 0.00461 0.00001 ( 1)  0.013  0.000
 141 C   0.97576 0.02423 0.00000 ( 1)  0.025  0.000
 142 T   0.99436 0.00563 0.00001 ( 1)  0.013  0.000
 143 F   0.99245 0.00755 0.00001 ( 1)  0.014  0.000
 144 E   0.98985 0.01013 0.00002 ( 1)  0.016  0.000
 145 Y   0.99018 0.00981 0.00001 ( 1)  0.016  0.000
 146 V   0.58899 0.40860 0.00242 ( 1)  0.288  0.002
 147 S   0.99307 0.00692 0.00001 ( 1)  0.014  0.000
 148 Q   0.97745 0.02253 0.00001 ( 1)  0.024  0.000
 149 P   0.99294 0.00705 0.00000 ( 1)  0.014  0.000
 150 F   0.99481 0.00519 0.00001 ( 1)  0.013  0.000
 151 L   0.99352 0.00648 0.00000 ( 1)  0.014  0.000
 152 M   0.99135 0.00865 0.00000 ( 1)  0.015  0.000
 153 D   0.98652 0.01347 0.00001 ( 1)  0.018  0.000
 154 L   0.99352 0.00648 0.00000 ( 1)  0.014  0.000
 155 E   0.99165 0.00834 0.00000 ( 1)  0.015  0.000
 156 G   0.98582 0.01418 0.00000 ( 1)  0.018  0.000
 157 K   0.98945 0.01054 0.00001 ( 1)  0.016  0.000
 158 Q   0.97745 0.02253 0.00001 ( 1)  0.024  0.000
 159 G   0.99443 0.00557 0.00000 ( 1)  0.013  0.000
 160 N   0.99538 0.00461 0.00001 ( 1)  0.013  0.000
 161 F   0.98890 0.01108 0.00001 ( 1)  0.017  0.000
 162 K   0.98945 0.01054 0.00001 ( 1)  0.016  0.000
 163 N   0.99390 0.00609 0.00001 ( 1)  0.014  0.000
 164 L   0.99352 0.00648 0.00000 ( 1)  0.014  0.000
 165 R   0.98242 0.01757 0.00001 ( 1)  0.021  0.000
 166 E   0.98913 0.01086 0.00001 ( 1)  0.016  0.000
 167 F   0.99282 0.00717 0.00001 ( 1)  0.014  0.000
 168 V   0.97273 0.02725 0.00002 ( 1)  0.027  0.000
 169 F   0.99481 0.00519 0.00001 ( 1)  0.013  0.000
 170 K   0.98686 0.01313 0.00001 ( 1)  0.018  0.000
 171 N   0.99538 0.00461 0.00001 ( 1)  0.013  0.000
 172 I   0.75700 0.24212 0.00088 ( 1)  0.168  0.001
 173 D   0.99546 0.00453 0.00001 ( 1)  0.013  0.000
 174 G   0.99443 0.00557 0.00000 ( 1)  0.013  0.000
 175 Y   0.99308 0.00692 0.00001 ( 1)  0.014  0.000
 176 F   0.98754 0.01245 0.00001 ( 1)  0.017  0.000
 177 K   0.98945 0.01054 0.00001 ( 1)  0.016  0.000
 178 I   0.99165 0.00832 0.00003 ( 1)  0.015  0.000
 179 Y   0.99018 0.00981 0.00001 ( 1)  0.016  0.000
 180 S   0.99307 0.00692 0.00001 ( 1)  0.014  0.000
 181 K   0.98958 0.01039 0.00002 ( 1)  0.016  0.000
 182 H   0.98456 0.01543 0.00001 ( 1)  0.019  0.000
 183 T   0.98038 0.01959 0.00004 ( 1)  0.022  0.000
 184 P   0.99294 0.00705 0.00000 ( 1)  0.014  0.000
 185 I   0.99453 0.00546 0.00001 ( 1)  0.013  0.000
 186 N   0.80001 0.19940 0.00060 ( 1)  0.139  0.001
 187 L   0.98417 0.01582 0.00001 ( 1)  0.019  0.000
 188 V   0.97273 0.02725 0.00002 ( 1)  0.027  0.000
 189 R   0.98574 0.01426 0.00000 ( 1)  0.018  0.000
 190 D   0.70972 0.28105 0.00923 ( 1)  0.288  0.009
 191 L   0.98090 0.01908 0.00001 ( 1)  0.022  0.000
 192 P   0.98003 0.01996 0.00001 ( 1)  0.022  0.000
 193 Q   0.00016 0.18358 0.81626 ( 3)  9.540  0.816
 194 G   0.99443 0.00557 0.00000 ( 1)  0.013  0.000
 195 F   0.99481 0.00519 0.00001 ( 1)  0.013  0.000
 196 S   0.45789 0.53004 0.01207 ( 2)  0.473  0.012
 197 A   0.99275 0.00723 0.00002 ( 1)  0.014  0.000
 198 L   0.98114 0.01885 0.00001 ( 1)  0.021  0.000
 199 E   0.99165 0.00834 0.00000 ( 1)  0.015  0.000
 200 P   0.98475 0.01524 0.00000 ( 1)  0.019  0.000
 201 L   0.97118 0.02880 0.00002 ( 1)  0.028  0.000
 202 V   0.98509 0.01489 0.00002 ( 1)  0.019  0.000
 203 D   0.99386 0.00613 0.00001 ( 1)  0.014  0.000
 204 L   0.96905 0.03058 0.00037 ( 1)  0.033  0.000
 205 P   0.98780 0.01218 0.00002 ( 1)  0.017  0.000
 206 I   0.99029 0.00970 0.00001 ( 1)  0.016  0.000
 207 G   0.99443 0.00557 0.00000 ( 1)  0.013  0.000
 208 I   0.99453 0.00546 0.00001 ( 1)  0.013  0.000
 209 N   0.99073 0.00925 0.00002 ( 1)  0.016  0.000
 210 I   0.98873 0.01124 0.00003 ( 1)  0.017  0.000
 211 T   0.99200 0.00799 0.00001 ( 1)  0.015  0.000
 212 R   0.98242 0.01757 0.00001 ( 1)  0.021  0.000
 213 F   0.99245 0.00755 0.00001 ( 1)  0.014  0.000
 214 Q   0.98457 0.01543 0.00000 ( 1)  0.019  0.000
 215 T   0.99283 0.00715 0.00002 ( 1)  0.014  0.000
 216 L   0.98417 0.01582 0.00001 ( 1)  0.019  0.000
 217 H   0.99468 0.00532 0.00000 ( 1)  0.013  0.000
 218 R   0.98934 0.01065 0.00000 ( 1)  0.016  0.000
 219 S   0.99371 0.00628 0.00001 ( 1)  0.014  0.000
 220 Y   0.99308 0.00692 0.00001 ( 1)  0.014  0.000
 221 L   0.95211 0.04766 0.00023 ( 1)  0.042  0.000
 222 T   0.99283 0.00715 0.00002 ( 1)  0.014  0.000
 223 P   0.99294 0.00705 0.00000 ( 1)  0.014  0.000
 224 G   0.99443 0.00557 0.00000 ( 1)  0.013  0.000
 225 D   0.04265 0.95149 0.00585 ( 2)  0.659  0.006
 226 S   0.22796 0.76394 0.00810 ( 2)  0.571  0.008
 227 S   0.00580 0.96444 0.02976 ( 2)  0.943  0.030
 228 S   0.00982 0.94575 0.04443 ( 2)  1.101  0.044
 229 G   0.99093 0.00906 0.00001 ( 1)  0.015  0.000
 230 W   0.96870 0.03130 0.00000 ( 1)  0.029  0.000
 231 T   0.98825 0.01174 0.00001 ( 1)  0.017  0.000
 232 A   0.74077 0.25821 0.00101 ( 1)  0.179  0.001
 233 G   0.99182 0.00817 0.00001 ( 1)  0.015  0.000
 234 A   0.99430 0.00568 0.00001 ( 1)  0.013  0.000
 235 A   0.99042 0.00955 0.00003 ( 1)  0.016  0.000
 236 A   0.99430 0.00568 0.00001 ( 1)  0.013  0.000
 237 Y   0.99004 0.00995 0.00001 ( 1)  0.016  0.000
 238 Y   0.99297 0.00702 0.00001 ( 1)  0.014  0.000
 239 V   0.98057 0.01938 0.00005 ( 1)  0.022  0.000
 240 G   0.99434 0.00565 0.00000 ( 1)  0.013  0.000
 241 Y   0.99004 0.00995 0.00001 ( 1)  0.016  0.000
 242 L   0.98952 0.01046 0.00002 ( 1)  0.016  0.000
 243 Q   0.98445 0.01554 0.00000 ( 1)  0.019  0.000
 244 P   0.36255 0.62339 0.01406 ( 2)  0.553  0.014
 245 R   0.97775 0.02225 0.00000 ( 1)  0.023  0.000
 246 T   0.99426 0.00573 0.00001 ( 1)  0.013  0.000
 247 F   0.99472 0.00527 0.00001 ( 1)  0.013  0.000
 248 L   0.97886 0.02110 0.00004 ( 1)  0.023  0.000
 249 L   0.98269 0.01725 0.00006 ( 1)  0.021  0.000
 250 K   0.03648 0.95810 0.00542 ( 2)  0.658  0.005
 251 Y   0.99004 0.00995 0.00001 ( 1)  0.016  0.000
 252 N   0.99529 0.00470 0.00001 ( 1)  0.013  0.000
 253 E   0.52057 0.47632 0.00311 ( 1)  0.337  0.003
 254 N   0.99529 0.00470 0.00001 ( 1)  0.013  0.000
 255 G   0.98570 0.01430 0.00000 ( 1)  0.019  0.000
 256 T   0.98079 0.01919 0.00002 ( 1)  0.022  0.000
 257 I   0.99442 0.00556 0.00002 ( 1)  0.013  0.000
 258 T   0.98820 0.01179 0.00001 ( 1)  0.017  0.000
 259 D   0.99537 0.00462 0.00001 ( 1)  0.013  0.000
 260 A   0.99430 0.00568 0.00001 ( 1)  0.013  0.000
 261 V   0.99042 0.00955 0.00004 ( 1)  0.016  0.000
 262 D   0.99058 0.00941 0.00002 ( 1)  0.016  0.000
 263 C   0.99297 0.00703 0.00000 ( 1)  0.014  0.000
 264 A   0.46206 0.53599 0.00195 ( 2)  0.360  0.002
 265 L   0.98952 0.01046 0.00002 ( 1)  0.016  0.000
 266 D   0.98641 0.01358 0.00001 ( 1)  0.018  0.000
 267 P   0.99285 0.00715 0.00000 ( 1)  0.014  0.000
 268 L   0.99022 0.00976 0.00002 ( 1)  0.016  0.000
 269 S   0.98056 0.01943 0.00001 ( 1)  0.022  0.000
 270 E   0.98900 0.01099 0.00001 ( 1)  0.017  0.000
 271 T   0.98820 0.01179 0.00001 ( 1)  0.017  0.000
 272 K   0.98369 0.01630 0.00000 ( 1)  0.020  0.000
 273 C   0.98878 0.01122 0.00001 ( 1)  0.017  0.000
 274 T   0.98030 0.01966 0.00004 ( 1)  0.022  0.000
 275 L   0.98167 0.01829 0.00003 ( 1)  0.021  0.000
 276 K   0.99170 0.00829 0.00001 ( 1)  0.015  0.000
 277 S   0.97701 0.02298 0.00001 ( 1)  0.024  0.000
 278 F   0.46970 0.52739 0.00291 ( 2)  0.366  0.003
 279 T   0.99270 0.00727 0.00003 ( 1)  0.014  0.000
 280 V   0.99229 0.00763 0.00008 ( 1)  0.015  0.000
 281 E   0.99155 0.00845 0.00001 ( 1)  0.015  0.000
 282 K   0.99170 0.00829 0.00001 ( 1)  0.015  0.000
 283 G   0.98570 0.01430 0.00000 ( 1)  0.019  0.000
 284 I   0.99189 0.00807 0.00004 ( 1)  0.015  0.000
 285 Y   0.99004 0.00995 0.00001 ( 1)  0.016  0.000
 286 Q   0.98040 0.01960 0.00001 ( 1)  0.022  0.000
 287 T   0.99194 0.00804 0.00002 ( 1)  0.015  0.000
 288 S   0.99297 0.00702 0.00001 ( 1)  0.014  0.000
 289 N   0.98671 0.01328 0.00001 ( 1)  0.018  0.000
 290 F   0.99233 0.00766 0.00001 ( 1)  0.015  0.000
 291 R   0.98933 0.01067 0.00000 ( 1)  0.016  0.000
 292 V   0.98762 0.01234 0.00004 ( 1)  0.018  0.000
 293 Q   0.98456 0.01544 0.00000 ( 1)  0.019  0.000
 294 P   0.98474 0.01526 0.00000 ( 1)  0.019  0.000
 295 T   0.98831 0.01168 0.00001 ( 1)  0.017  0.000
 296 E   0.00034 0.90285 0.09681 ( 2)  1.679  0.097
 297 S   0.01803 0.97342 0.00855 ( 2)  0.704  0.009
 298 I   0.99342 0.00656 0.00002 ( 1)  0.014  0.000
 299 V   0.99404 0.00594 0.00001 ( 1)  0.014  0.000
 300 R   0.98934 0.01065 0.00000 ( 1)  0.016  0.000
 301 F   0.99282 0.00717 0.00001 ( 1)  0.014  0.000
 302 P   0.99169 0.00830 0.00002 ( 1)  0.015  0.000
 303 N   0.99538 0.00461 0.00001 ( 1)  0.013  0.000
 304 I   0.99453 0.00546 0.00001 ( 1)  0.013  0.000
 305 T   0.98832 0.01167 0.00001 ( 1)  0.017  0.000
 306 N   0.98682 0.01317 0.00001 ( 1)  0.018  0.000
 307 L   0.98177 0.01820 0.00003 ( 1)  0.021  0.000
 308 C   0.98995 0.01004 0.00001 ( 1)  0.016  0.000
 309 P   0.99024 0.00975 0.00001 ( 1)  0.016  0.000
 310 F   0.99481 0.00519 0.00001 ( 1)  0.013  0.000
 311 G   0.99194 0.00805 0.00001 ( 1)  0.015  0.000
 312 E   0.99165 0.00834 0.00000 ( 1)  0.015  0.000
 313 V   0.99106 0.00892 0.00002 ( 1)  0.015  0.000
 314 F   0.99481 0.00519 0.00001 ( 1)  0.013  0.000
 315 N   0.98682 0.01317 0.00001 ( 1)  0.018  0.000
 316 A   0.98453 0.01543 0.00004 ( 1)  0.020  0.000
 317 T   0.39304 0.60329 0.00367 ( 2)  0.421  0.004
 318 R   0.02018 0.95858 0.02124 ( 2)  0.841  0.021
 319 F   0.99282 0.00717 0.00001 ( 1)  0.014  0.000
 320 A   0.98823 0.01176 0.00001 ( 1)  0.017  0.000
 321 S   0.98406 0.01591 0.00003 ( 1)  0.020  0.000
 322 V   0.99406 0.00593 0.00001 ( 1)  0.014  0.000
 323 Y   0.99308 0.00692 0.00001 ( 1)  0.014  0.000
 324 A   0.99440 0.00559 0.00001 ( 1)  0.013  0.000
 325 W   0.96871 0.03128 0.00000 ( 1)  0.029  0.000
 326 N   0.98682 0.01317 0.00001 ( 1)  0.018  0.000
 327 R   0.97959 0.02040 0.00001 ( 1)  0.022  0.000
 328 K   0.98381 0.01619 0.00000 ( 1)  0.020  0.000
 329 R   0.98934 0.01065 0.00000 ( 1)  0.016  0.000
 330 I   0.99195 0.00802 0.00003 ( 1)  0.015  0.000
 331 S   0.98263 0.01737 0.00000 ( 1)  0.020  0.000
 332 N   0.99073 0.00925 0.00002 ( 1)  0.016  0.000
 333 C   0.99306 0.00694 0.00000 ( 1)  0.014  0.000
 334 V   0.99406 0.00593 0.00001 ( 1)  0.014  0.000
 335 A   0.99440 0.00559 0.00001 ( 1)  0.013  0.000
 336 D   0.99546 0.00453 0.00001 ( 1)  0.013  0.000
 337 Y   0.98375 0.01623 0.00001 ( 1)  0.020  0.000
 338 S   0.99307 0.00692 0.00001 ( 1)  0.014  0.000
 339 V   0.98503 0.01492 0.00005 ( 1)  0.019  0.000
 340 L   0.98533 0.01463 0.00004 ( 1)  0.019  0.000
 341 Y   0.99308 0.00692 0.00001 ( 1)  0.014  0.000
 342 N   0.99390 0.00609 0.00001 ( 1)  0.014  0.000
 343 S   0.98513 0.01485 0.00002 ( 1)  0.019  0.000
 344 A   0.46472 0.51230 0.02298 ( 2)  0.588  0.023
 345 S   0.98068 0.01931 0.00001 ( 1)  0.022  0.000
 346 F   0.99481 0.00519 0.00001 ( 1)  0.013  0.000
 347 S   0.98160 0.01839 0.00002 ( 1)  0.021  0.000
 348 T   0.99208 0.00790 0.00002 ( 1)  0.015  0.000
 349 F   0.99481 0.00519 0.00001 ( 1)  0.013  0.000
 350 K   0.98958 0.01039 0.00002 ( 1)  0.016  0.000
 351 C   0.99306 0.00694 0.00000 ( 1)  0.014  0.000
 352 Y   0.99308 0.00692 0.00001 ( 1)  0.014  0.000
 353 G   0.98582 0.01418 0.00000 ( 1)  0.018  0.000
 354 V   0.98476 0.01518 0.00007 ( 1)  0.020  0.000
 355 S   0.99004 0.00994 0.00002 ( 1)  0.016  0.000
 356 P   0.99294 0.00705 0.00000 ( 1)  0.014  0.000
 357 T   0.99283 0.00715 0.00002 ( 1)  0.014  0.000
 358 K   0.99181 0.00819 0.00000 ( 1)  0.015  0.000
 359 L   0.97147 0.02842 0.00011 ( 1)  0.028  0.000
 360 N   0.99538 0.00461 0.00001 ( 1)  0.013  0.000
 361 D   0.99386 0.00613 0.00001 ( 1)  0.014  0.000
 362 L   0.98517 0.01481 0.00002 ( 1)  0.019  0.000
 363 C   0.97576 0.02423 0.00000 ( 1)  0.025  0.000
 364 F   0.99245 0.00755 0.00001 ( 1)  0.014  0.000
 365 T   0.99200 0.00799 0.00001 ( 1)  0.015  0.000
 366 N   0.99538 0.00461 0.00001 ( 1)  0.013  0.000
 367 V   0.98623 0.01372 0.00005 ( 1)  0.019  0.000
 368 Y   0.99308 0.00692 0.00001 ( 1)  0.014  0.000
 369 A   0.98823 0.01176 0.00001 ( 1)  0.017  0.000
 370 D   0.99029 0.00970 0.00001 ( 1)  0.016  0.000
 371 S   0.98068 0.01931 0.00001 ( 1)  0.022  0.000
 372 F   0.99481 0.00519 0.00001 ( 1)  0.013  0.000
 373 V   0.98830 0.01163 0.00006 ( 1)  0.018  0.000
 374 I   0.75700 0.24212 0.00088 ( 1)  0.168  0.001
 375 R   0.02018 0.95858 0.02124 ( 2)  0.841  0.021
 376 G   0.99443 0.00557 0.00000 ( 1)  0.013  0.000
 377 D   0.99386 0.00613 0.00001 ( 1)  0.014  0.000
 378 E   0.98913 0.01086 0.00001 ( 1)  0.016  0.000
 379 V   0.98763 0.01233 0.00004 ( 1)  0.018  0.000
 380 R   0.98934 0.01065 0.00000 ( 1)  0.016  0.000
 381 Q   0.98457 0.01543 0.00000 ( 1)  0.019  0.000
 382 I   0.99010 0.00985 0.00005 ( 1)  0.016  0.000
 383 A   0.98710 0.01287 0.00004 ( 1)  0.018  0.000
 384 P   0.98242 0.01757 0.00002 ( 1)  0.021  0.000
 385 G   0.98292 0.01707 0.00002 ( 1)  0.020  0.000
 386 Q   0.98457 0.01543 0.00000 ( 1)  0.019  0.000
 387 T   0.99436 0.00563 0.00001 ( 1)  0.013  0.000
 388 G   0.98931 0.01068 0.00001 ( 1)  0.016  0.000
 389 K   0.00005 0.85346 0.14649 ( 2)  2.222  0.146
 390 I   0.99453 0.00546 0.00001 ( 1)  0.013  0.000
 391 A   0.99440 0.00559 0.00001 ( 1)  0.013  0.000
 392 D   0.99374 0.00624 0.00002 ( 1)  0.014  0.000
 393 Y   0.99061 0.00938 0.00001 ( 1)  0.016  0.000
 394 N   0.99390 0.00609 0.00001 ( 1)  0.014  0.000
 395 Y   0.99308 0.00692 0.00001 ( 1)  0.014  0.000
 396 K   0.98945 0.01054 0.00001 ( 1)  0.016  0.000
 397 L   0.97520 0.02466 0.00014 ( 1)  0.026  0.000
 398 P   0.98475 0.01524 0.00000 ( 1)  0.019  0.000
 399 D   0.99546 0.00453 0.00001 ( 1)  0.013  0.000
 400 D   0.99546 0.00453 0.00001 ( 1)  0.013  0.000
 401 F   0.99481 0.00519 0.00001 ( 1)  0.013  0.000
 402 T   0.99267 0.00727 0.00006 ( 1)  0.015  0.000
 403 G   0.99136 0.00863 0.00002 ( 1)  0.015  0.000
 404 C   0.98995 0.01004 0.00001 ( 1)  0.016  0.000
 405 V   0.99406 0.00593 0.00001 ( 1)  0.014  0.000
 406 I   0.99165 0.00832 0.00003 ( 1)  0.015  0.000
 407 A   0.99440 0.00559 0.00001 ( 1)  0.013  0.000
 408 W   0.96871 0.03128 0.00000 ( 1)  0.029  0.000
 409 N   0.99390 0.00609 0.00001 ( 1)  0.014  0.000
 410 S   0.99004 0.00994 0.00002 ( 1)  0.016  0.000
 411 N   0.00000 0.34253 0.65747 ( 3)  7.805  0.657
 412 N   0.02530 0.94661 0.02809 ( 2)  0.913  0.028
 413 L   0.00572 0.85132 0.14296 ( 2)  2.180  0.143
 414 D   0.99546 0.00453 0.00001 ( 1)  0.013  0.000
 415 S   0.57467 0.38577 0.03956 ( 1)  0.702  0.040
 416 K   0.00942 0.89312 0.09746 ( 2)  1.681  0.097
 417 V   0.00009 0.68264 0.31727 ( 2)  4.088  0.317
 418 G   0.99208 0.00791 0.00001 ( 1)  0.015  0.000
 419 G   0.99443 0.00557 0.00000 ( 1)  0.013  0.000
 420 N   0.99538 0.00461 0.00001 ( 1)  0.013  0.000
 421 Y   0.62039 0.37396 0.00564 ( 1)  0.304  0.006
 422 N   0.04370 0.94916 0.00714 ( 2)  0.673  0.007
 423 Y   0.98993 0.01005 0.00002 ( 1)  0.016  0.000
 424 L   0.97096 0.02892 0.00012 ( 1)  0.029  0.000
 425 Y   0.99061 0.00938 0.00001 ( 1)  0.016  0.000
 426 R   0.97263 0.02528 0.00208 ( 1)  0.049  0.002
 427 L   0.95538 0.03891 0.00571 ( 1)  0.099  0.006
 428 F   0.99481 0.00519 0.00001 ( 1)  0.013  0.000
 429 R   0.98690 0.01308 0.00001 ( 1)  0.018  0.000
 430 K   0.98553 0.01446 0.00002 ( 1)  0.019  0.000
 431 S   0.62570 0.36781 0.00649 ( 1)  0.310  0.006
 432 N   0.71747 0.28168 0.00084 ( 1)  0.192  0.001
 433 L   0.99027 0.00971 0.00002 ( 1)  0.016  0.000
 434 K   0.99181 0.00819 0.00000 ( 1)  0.015  0.000
 435 P   0.98601 0.01397 0.00002 ( 1)  0.018  0.000
 436 F   0.99481 0.00519 0.00001 ( 1)  0.013  0.000
 437 E   0.98324 0.01676 0.00000 ( 1)  0.020  0.000
 438 R   0.98747 0.01252 0.00001 ( 1)  0.017  0.000
 439 D   0.99546 0.00453 0.00001 ( 1)  0.013  0.000
 440 I   0.99249 0.00749 0.00002 ( 1)  0.015  0.000
 441 S   0.98090 0.01907 0.00003 ( 1)  0.022  0.000
 442 T   0.99436 0.00563 0.00001 ( 1)  0.013  0.000
 443 E   0.99165 0.00834 0.00000 ( 1)  0.015  0.000
 444 I   0.99010 0.00985 0.00005 ( 1)  0.016  0.000
 445 Y   0.98375 0.01623 0.00001 ( 1)  0.020  0.000
 446 Q   0.98201 0.01797 0.00002 ( 1)  0.021  0.000
 447 A   0.98282 0.01714 0.00004 ( 1)  0.021  0.000
 448 G   0.98319 0.01680 0.00001 ( 1)  0.020  0.000
 449 S   0.46866 0.52980 0.00154 ( 2)  0.352  0.002
 450 T   0.50440 0.48818 0.00742 ( 1)  0.394  0.007
 451 P   0.98882 0.01117 0.00001 ( 1)  0.017  0.000
 452 C   0.99306 0.00694 0.00000 ( 1)  0.014  0.000
 453 N   0.99390 0.00609 0.00001 ( 1)  0.014  0.000
 454 G   0.99443 0.00557 0.00000 ( 1)  0.013  0.000
 455 V   0.00193 0.43080 0.56727 ( 3)  6.818  0.567
 456 E   0.00000 0.02798 0.97202 ( 3) 11.242  0.972
 457 G   0.99443 0.00557 0.00000 ( 1)  0.013  0.000
 458 F   0.45382 0.53441 0.01177 ( 2)  0.473  0.012
 459 N   0.99538 0.00461 0.00001 ( 1)  0.013  0.000
 460 C   0.99069 0.00930 0.00001 ( 1)  0.015  0.000
 461 Y   0.98570 0.01428 0.00002 ( 1)  0.019  0.000
 462 F   0.56851 0.42105 0.01044 ( 1)  0.388  0.010
 463 P   0.99169 0.00830 0.00002 ( 1)  0.015  0.000
 464 L   0.97824 0.02021 0.00155 ( 1)  0.040  0.002
 465 Q   0.00014 0.70214 0.29771 ( 2)  3.874  0.298
 466 S   0.00499 0.44536 0.54966 ( 3)  6.624  0.550
 467 Y   0.99308 0.00692 0.00001 ( 1)  0.014  0.000
 468 G   0.99308 0.00689 0.00003 ( 1)  0.014  0.000
 469 F   0.99226 0.00772 0.00002 ( 1)  0.015  0.000
 470 Q   0.01019 0.89628 0.09352 ( 2)  1.637  0.094
 471 P   0.98503 0.01494 0.00003 ( 1)  0.019  0.000
 472 T   0.99436 0.00563 0.00001 ( 1)  0.013  0.000
 473 N   0.00000 0.05075 0.94925 ( 3) 10.993  0.949
 474 G   0.99443 0.00557 0.00000 ( 1)  0.013  0.000
 475 V   0.99406 0.00593 0.00001 ( 1)  0.014  0.000
 476 G   0.03667 0.95935 0.00398 ( 2)  0.643  0.004
 477 Y   0.36204 0.63183 0.00613 ( 2)  0.467  0.006
 478 Q   0.98457 0.01543 0.00000 ( 1)  0.019  0.000
 479 P   0.99130 0.00867 0.00003 ( 1)  0.015  0.000
 480 Y   0.59277 0.40423 0.00300 ( 1)  0.292  0.003
 481 R   0.98747 0.01252 0.00001 ( 1)  0.017  0.000
 482 V   0.98509 0.01489 0.00002 ( 1)  0.019  0.000
 483 V   0.99052 0.00945 0.00003 ( 1)  0.016  0.000
 484 V   0.99052 0.00945 0.00003 ( 1)  0.016  0.000
 485 L   0.97842 0.02151 0.00007 ( 1)  0.024  0.000
 486 S   0.99004 0.00994 0.00002 ( 1)  0.016  0.000
 487 F   0.99481 0.00519 0.00001 ( 1)  0.013  0.000
 488 E   0.98913 0.01086 0.00001 ( 1)  0.016  0.000
 489 L   0.97842 0.02151 0.00007 ( 1)  0.024  0.000
 490 L   0.98533 0.01463 0.00004 ( 1)  0.019  0.000
 491 H   0.59711 0.39429 0.00860 ( 1)  0.350  0.009
 492 A   0.46714 0.53133 0.00153 ( 2)  0.352  0.002
 493 P   0.98475 0.01524 0.00000 ( 1)  0.019  0.000
 494 A   0.99052 0.00946 0.00003 ( 1)  0.016  0.000
 495 T   0.99436 0.00563 0.00001 ( 1)  0.013  0.000
 496 V   0.99406 0.00593 0.00001 ( 1)  0.014  0.000
 497 C   0.99306 0.00694 0.00000 ( 1)  0.014  0.000
 498 G   0.98582 0.01418 0.00000 ( 1)  0.018  0.000
 499 P   0.98882 0.01117 0.00001 ( 1)  0.017  0.000
 500 K   0.99005 0.00993 0.00002 ( 1)  0.016  0.000
 501 K   0.01041 0.97010 0.01949 ( 2)  0.828  0.019
 502 S   0.99307 0.00692 0.00001 ( 1)  0.014  0.000
 503 T   0.99283 0.00715 0.00002 ( 1)  0.014  0.000
 504 N   0.48031 0.51317 0.00652 ( 2)  0.399  0.007
 505 L   0.97629 0.02366 0.00004 ( 1)  0.025  0.000
 506 V   0.99406 0.00593 0.00001 ( 1)  0.014  0.000
 507 K   0.99181 0.00819 0.00000 ( 1)  0.015  0.000
 508 N   0.63330 0.36449 0.00221 ( 1)  0.258  0.002
 509 K   0.99181 0.00819 0.00000 ( 1)  0.015  0.000
 510 C   0.99306 0.00694 0.00000 ( 1)  0.014  0.000
 511 V   0.98139 0.01859 0.00003 ( 1)  0.021  0.000
 512 N   0.99538 0.00461 0.00001 ( 1)  0.013  0.000
 513 F   0.98341 0.01658 0.00001 ( 1)  0.020  0.000
 514 N   0.98682 0.01317 0.00001 ( 1)  0.018  0.000
 515 F   0.99226 0.00772 0.00002 ( 1)  0.015  0.000
 516 N   0.99390 0.00609 0.00001 ( 1)  0.014  0.000
 517 G   0.99443 0.00557 0.00000 ( 1)  0.013  0.000
 518 L   0.98417 0.01582 0.00001 ( 1)  0.019  0.000
 519 T   0.99267 0.00727 0.00006 ( 1)  0.015  0.000
 520 G   0.97818 0.02181 0.00001 ( 1)  0.023  0.000
 521 T   0.98832 0.01167 0.00001 ( 1)  0.017  0.000
 522 G   0.99443 0.00557 0.00000 ( 1)  0.013  0.000
 523 V   0.99182 0.00816 0.00002 ( 1)  0.015  0.000
 524 L   0.99103 0.00896 0.00001 ( 1)  0.015  0.000
 525 T   0.99006 0.00990 0.00003 ( 1)  0.016  0.000
 526 E   0.01307 0.97799 0.00895 ( 2)  0.711  0.009
 527 S   0.99307 0.00692 0.00001 ( 1)  0.014  0.000
 528 N   0.62354 0.37436 0.00210 ( 1)  0.263  0.002
 529 K   0.99181 0.00819 0.00000 ( 1)  0.015  0.000
 530 K   0.41404 0.58533 0.00063 ( 2)  0.375  0.001
 531 F   0.99481 0.00519 0.00001 ( 1)  0.013  0.000
 532 L   0.96492 0.03505 0.00003 ( 1)  0.032  0.000
 533 P   0.99294 0.00705 0.00000 ( 1)  0.014  0.000
 534 F   0.98890 0.01108 0.00001 ( 1)  0.017  0.000
 535 Q   0.98457 0.01543 0.00000 ( 1)  0.019  0.000
 536 Q   0.98457 0.01543 0.00000 ( 1)  0.019  0.000
 537 F   0.99481 0.00519 0.00001 ( 1)  0.013  0.000
 538 G   0.99136 0.00863 0.00002 ( 1)  0.015  0.000
 539 R   0.98934 0.01065 0.00000 ( 1)  0.016  0.000
 540 D   0.98652 0.01347 0.00001 ( 1)  0.018  0.000
 541 I   0.99270 0.00729 0.00001 ( 1)  0.014  0.000
 542 A   0.01968 0.77689 0.20343 ( 2)  2.832  0.203
 543 D   0.98652 0.01347 0.00001 ( 1)  0.018  0.000
 544 T   0.99436 0.00563 0.00001 ( 1)  0.013  0.000
 545 T   0.99436 0.00563 0.00001 ( 1)  0.013  0.000
 546 D   0.99546 0.00453 0.00001 ( 1)  0.013  0.000
 547 A   0.99210 0.00789 0.00001 ( 1)  0.015  0.000
 548 V   0.98139 0.01859 0.00003 ( 1)  0.021  0.000
 549 R   0.99083 0.00917 0.00000 ( 1)  0.015  0.000
 550 D   0.99386 0.00613 0.00001 ( 1)  0.014  0.000
 551 P   0.98475 0.01524 0.00000 ( 1)  0.019  0.000
 552 Q   0.97303 0.02697 0.00000 ( 1)  0.026  0.000
 553 T   0.98832 0.01167 0.00001 ( 1)  0.017  0.000
 554 L   0.99352 0.00648 0.00000 ( 1)  0.014  0.000
 555 E   0.53082 0.46471 0.00447 ( 1)  0.346  0.004
 556 I   0.99343 0.00655 0.00002 ( 1)  0.014  0.000
 557 L   0.99352 0.00648 0.00000 ( 1)  0.014  0.000
 558 D   0.98652 0.01347 0.00001 ( 1)  0.018  0.000
 559 I   0.99453 0.00546 0.00001 ( 1)  0.013  0.000
 560 T   0.98714 0.01283 0.00003 ( 1)  0.018  0.000
 561 P   0.98780 0.01218 0.00002 ( 1)  0.017  0.000
 562 C   0.98892 0.01107 0.00000 ( 1)  0.017  0.000
 563 S   0.99307 0.00692 0.00001 ( 1)  0.014  0.000
 564 F   0.99481 0.00519 0.00001 ( 1)  0.013  0.000
 565 G   0.99194 0.00805 0.00001 ( 1)  0.015  0.000
 566 G   0.99194 0.00805 0.00001 ( 1)  0.015  0.000
 567 V   0.98763 0.01233 0.00004 ( 1)  0.018  0.000
 568 S   0.99565 0.00434 0.00000 ( 1)  0.012  0.000
 569 V   0.99106 0.00892 0.00002 ( 1)  0.015  0.000
 570 I   0.99029 0.00970 0.00001 ( 1)  0.016  0.000
 571 T   0.98832 0.01167 0.00001 ( 1)  0.017  0.000
 572 P   0.98605 0.01394 0.00002 ( 1)  0.018  0.000
 573 G   0.98931 0.01068 0.00001 ( 1)  0.016  0.000
 574 T   0.98832 0.01167 0.00001 ( 1)  0.017  0.000
 575 N   0.99390 0.00609 0.00001 ( 1)  0.014  0.000
 576 T   0.55826 0.43355 0.00818 ( 1)  0.369  0.008
 577 S   0.99307 0.00692 0.00001 ( 1)  0.014  0.000
 578 N   0.99073 0.00925 0.00002 ( 1)  0.016  0.000
 579 Q   0.97745 0.02253 0.00001 ( 1)  0.024  0.000
 580 V   0.99106 0.00892 0.00002 ( 1)  0.015  0.000
 581 A   0.99440 0.00559 0.00001 ( 1)  0.013  0.000
 582 V   0.99275 0.00722 0.00002 ( 1)  0.014  0.000
 583 L   0.99352 0.00648 0.00000 ( 1)  0.014  0.000
 584 Y   0.99018 0.00981 0.00001 ( 1)  0.016  0.000
 585 Q   0.97745 0.02253 0.00001 ( 1)  0.024  0.000
 586 D   0.02086 0.81749 0.16164 ( 2)  2.375  0.162
 587 V   0.99406 0.00593 0.00001 ( 1)  0.014  0.000
 588 N   0.98682 0.01317 0.00001 ( 1)  0.018  0.000
 589 C   0.98434 0.01565 0.00001 ( 1)  0.019  0.000
 590 T   0.99061 0.00936 0.00003 ( 1)  0.016  0.000
 591 E   0.99165 0.00834 0.00000 ( 1)  0.015  0.000
 592 V   0.98124 0.01871 0.00005 ( 1)  0.022  0.000
 593 P   0.99294 0.00705 0.00000 ( 1)  0.014  0.000
 594 V   0.34779 0.64766 0.00455 ( 2)  0.459  0.005
 595 A   0.99189 0.00809 0.00001 ( 1)  0.015  0.000
 596 I   0.99249 0.00749 0.00002 ( 1)  0.015  0.000
 597 H   0.99468 0.00532 0.00000 ( 1)  0.013  0.000
 598 A   0.98823 0.01176 0.00001 ( 1)  0.017  0.000
 599 D   0.67491 0.32383 0.00126 ( 1)  0.222  0.001
 600 Q   0.98457 0.01543 0.00000 ( 1)  0.019  0.000
 601 L   0.99352 0.00648 0.00000 ( 1)  0.014  0.000
 602 T   0.99283 0.00715 0.00002 ( 1)  0.014  0.000
 603 P   0.99046 0.00953 0.00001 ( 1)  0.016  0.000
 604 T   0.67269 0.32612 0.00118 ( 1)  0.223  0.001
 605 W   0.96871 0.03128 0.00000 ( 1)  0.029  0.000
 606 R   0.99083 0.00917 0.00000 ( 1)  0.015  0.000
 607 V   0.99406 0.00593 0.00001 ( 1)  0.014  0.000
 608 Y   0.98375 0.01623 0.00001 ( 1)  0.020  0.000
 609 S   0.99051 0.00948 0.00001 ( 1)  0.016  0.000
 610 T   0.56722 0.43182 0.00097 ( 1)  0.285  0.001
 611 G   0.99194 0.00805 0.00001 ( 1)  0.015  0.000
 612 S   0.58420 0.41289 0.00291 ( 1)  0.296  0.003
 613 N   0.99538 0.00461 0.00001 ( 1)  0.013  0.000
 614 V   0.99106 0.00892 0.00002 ( 1)  0.015  0.000
 615 F   0.99481 0.00519 0.00001 ( 1)  0.013  0.000
 616 Q   0.98457 0.01543 0.00000 ( 1)  0.019  0.000
 617 T   0.98832 0.01167 0.00001 ( 1)  0.017  0.000
 618 R   0.97048 0.02940 0.00013 ( 1)  0.029  0.000
 619 A   0.98823 0.01176 0.00001 ( 1)  0.017  0.000
 620 G   0.98225 0.01774 0.00001 ( 1)  0.021  0.000
 621 C   0.99306 0.00694 0.00000 ( 1)  0.014  0.000
 622 L   0.98417 0.01582 0.00001 ( 1)  0.019  0.000
 623 I   0.60301 0.39604 0.00095 ( 1)  0.263  0.001
 624 G   0.98321 0.01674 0.00005 ( 1)  0.021  0.000
 625 A   0.99440 0.00559 0.00001 ( 1)  0.013  0.000
 626 E   0.98913 0.01086 0.00001 ( 1)  0.016  0.000
 627 H   0.99468 0.00532 0.00000 ( 1)  0.013  0.000
 628 V   0.98139 0.01859 0.00003 ( 1)  0.021  0.000
 629 N   0.98985 0.01013 0.00002 ( 1)  0.016  0.000
 630 N   0.99073 0.00925 0.00002 ( 1)  0.016  0.000
 631 S   0.98420 0.01574 0.00006 ( 1)  0.020  0.000
 632 Y   0.99308 0.00692 0.00001 ( 1)  0.014  0.000
 633 E   0.98646 0.01353 0.00001 ( 1)  0.018  0.000
 634 C   0.99306 0.00694 0.00000 ( 1)  0.014  0.000
 635 D   0.98652 0.01347 0.00001 ( 1)  0.018  0.000
 636 I   0.99165 0.00832 0.00003 ( 1)  0.015  0.000
 637 P   0.98503 0.01494 0.00003 ( 1)  0.019  0.000
 638 I   0.69242 0.30634 0.00124 ( 1)  0.211  0.001
 639 G   0.99443 0.00557 0.00000 ( 1)  0.013  0.000
 640 A   0.99052 0.00946 0.00003 ( 1)  0.016  0.000
 641 G   0.98816 0.01180 0.00004 ( 1)  0.017  0.000
 642 I   0.99029 0.00970 0.00001 ( 1)  0.016  0.000
 643 C   0.98434 0.01565 0.00001 ( 1)  0.019  0.000
 644 A   0.98952 0.01046 0.00002 ( 1)  0.016  0.000
 645 S   0.99565 0.00434 0.00000 ( 1)  0.012  0.000
 646 Y   0.99018 0.00981 0.00001 ( 1)  0.016  0.000
 647 Q   0.50167 0.49724 0.00109 ( 1)  0.327  0.001
 648 T   0.59334 0.40427 0.00239 ( 1)  0.285  0.002
 649 Q   0.00005 0.42822 0.57173 ( 3)  6.868  0.572
 650 T   0.59678 0.39979 0.00343 ( 1)  0.294  0.003
 651 R   0.99083 0.00917 0.00000 ( 1)  0.015  0.000
 652 S   0.99565 0.00434 0.00000 ( 1)  0.012  0.000
 653 V   0.98420 0.01574 0.00006 ( 1)  0.020  0.000
 654 A   0.02105 0.96693 0.01202 ( 2)  0.740  0.012
 655 S   0.00156 0.97874 0.01970 ( 2)  0.836  0.020
 656 Q   0.26803 0.72906 0.00291 ( 2)  0.489  0.003
 657 S   0.98484 0.01512 0.00004 ( 1)  0.019  0.000
 658 I   0.98741 0.01257 0.00003 ( 1)  0.018  0.000
 659 I   0.99453 0.00546 0.00001 ( 1)  0.013  0.000
 660 A   0.98754 0.01243 0.00003 ( 1)  0.018  0.000
 661 Y   0.97790 0.02209 0.00001 ( 1)  0.023  0.000
 662 T   0.99436 0.00563 0.00001 ( 1)  0.013  0.000
 663 M   0.99135 0.00865 0.00000 ( 1)  0.015  0.000
 664 S   0.98629 0.01368 0.00003 ( 1)  0.018  0.000
 665 L   0.97842 0.02151 0.00007 ( 1)  0.024  0.000
 666 G   0.99443 0.00557 0.00000 ( 1)  0.013  0.000
 667 A   0.56357 0.42954 0.00689 ( 1)  0.352  0.007
 668 E   0.99165 0.00834 0.00000 ( 1)  0.015  0.000
 669 N   0.99538 0.00461 0.00001 ( 1)  0.013  0.000
 670 S   0.98068 0.01931 0.00001 ( 1)  0.022  0.000
 671 V   0.99406 0.00593 0.00001 ( 1)  0.014  0.000
 672 A   0.99440 0.00559 0.00001 ( 1)  0.013  0.000
 673 Y   0.98993 0.01005 0.00002 ( 1)  0.016  0.000
 674 S   0.99307 0.00692 0.00001 ( 1)  0.014  0.000
 675 N   0.99538 0.00461 0.00001 ( 1)  0.013  0.000
 676 N   0.99073 0.00925 0.00002 ( 1)  0.016  0.000
 677 S   0.99004 0.00994 0.00002 ( 1)  0.016  0.000
 678 I   0.99453 0.00546 0.00001 ( 1)  0.013  0.000
 679 A   0.98056 0.01943 0.00002 ( 1)  0.022  0.000
 680 I   0.99029 0.00970 0.00001 ( 1)  0.016  0.000
 681 P   0.98969 0.01030 0.00001 ( 1)  0.016  0.000
 682 T   0.61099 0.36947 0.01954 ( 1)  0.461  0.020
 683 N   0.99538 0.00461 0.00001 ( 1)  0.013  0.000
 684 F   0.99481 0.00519 0.00001 ( 1)  0.013  0.000
 685 T   0.99283 0.00715 0.00002 ( 1)  0.014  0.000
 686 I   0.99343 0.00655 0.00002 ( 1)  0.014  0.000
 687 S   0.99565 0.00434 0.00000 ( 1)  0.012  0.000
 688 V   0.99129 0.00866 0.00005 ( 1)  0.016  0.000
 689 T   0.98091 0.01907 0.00002 ( 1)  0.022  0.000
 690 T   0.98970 0.01025 0.00004 ( 1)  0.017  0.000
 691 E   0.99165 0.00834 0.00000 ( 1)  0.015  0.000
 692 I   0.99453 0.00546 0.00001 ( 1)  0.013  0.000
 693 L   0.97870 0.02129 0.00001 ( 1)  0.023  0.000
 694 P   0.98605 0.01394 0.00002 ( 1)  0.018  0.000
 695 V   0.97273 0.02725 0.00002 ( 1)  0.027  0.000
 696 S   0.99004 0.00994 0.00002 ( 1)  0.016  0.000
 697 M   0.99135 0.00865 0.00000 ( 1)  0.015  0.000
 698 T   0.98931 0.01062 0.00007 ( 1)  0.017  0.000
 699 K   0.98381 0.01619 0.00000 ( 1)  0.020  0.000
 700 T   0.99061 0.00936 0.00003 ( 1)  0.016  0.000
 701 S   0.98420 0.01574 0.00006 ( 1)  0.020  0.000
 702 V   0.98822 0.01177 0.00001 ( 1)  0.017  0.000
 703 D   0.99374 0.00624 0.00002 ( 1)  0.014  0.000
 704 C   0.99306 0.00694 0.00000 ( 1)  0.014  0.000
 705 T   0.99061 0.00936 0.00003 ( 1)  0.016  0.000
 706 M   0.99135 0.00865 0.00000 ( 1)  0.015  0.000
 707 Y   0.98265 0.01733 0.00002 ( 1)  0.021  0.000
 708 I   0.99270 0.00729 0.00001 ( 1)  0.014  0.000
 709 C   0.99306 0.00694 0.00000 ( 1)  0.014  0.000
 710 G   0.99194 0.00805 0.00001 ( 1)  0.015  0.000
 711 D   0.99546 0.00453 0.00001 ( 1)  0.013  0.000
 712 S   0.98068 0.01931 0.00001 ( 1)  0.022  0.000
 713 T   0.75031 0.24892 0.00078 ( 1)  0.171  0.001
 714 E   0.98548 0.01451 0.00001 ( 1)  0.019  0.000
 715 C   0.98434 0.01565 0.00001 ( 1)  0.019  0.000
 716 S   0.98908 0.01091 0.00001 ( 1)  0.016  0.000
 717 N   0.99370 0.00628 0.00002 ( 1)  0.014  0.000
 718 L   0.97842 0.02151 0.00007 ( 1)  0.024  0.000
 719 L   0.97628 0.02371 0.00000 ( 1)  0.024  0.000
 720 L   0.97629 0.02366 0.00004 ( 1)  0.025  0.000
 721 Q   0.98457 0.01543 0.00000 ( 1)  0.019  0.000
 722 Y   0.99308 0.00692 0.00001 ( 1)  0.014  0.000
 723 G   0.98225 0.01774 0.00001 ( 1)  0.021  0.000
 724 S   0.99565 0.00434 0.00000 ( 1)  0.012  0.000
 725 F   0.99481 0.00519 0.00001 ( 1)  0.013  0.000
 726 C   0.98023 0.01976 0.00000 ( 1)  0.022  0.000
 727 T   0.98832 0.01167 0.00001 ( 1)  0.017  0.000
 728 Q   0.98457 0.01543 0.00000 ( 1)  0.019  0.000
 729 L   0.98417 0.01582 0.00001 ( 1)  0.019  0.000
 730 N   0.98985 0.01013 0.00002 ( 1)  0.016  0.000
 731 R   0.99083 0.00917 0.00000 ( 1)  0.015  0.000
 732 A   0.99440 0.00559 0.00001 ( 1)  0.013  0.000
 733 L   0.98114 0.01885 0.00001 ( 1)  0.021  0.000
 734 T   0.99436 0.00563 0.00001 ( 1)  0.013  0.000
 735 G   0.98151 0.01848 0.00001 ( 1)  0.021  0.000
 736 I   0.99165 0.00832 0.00003 ( 1)  0.015  0.000
 737 A   0.99440 0.00559 0.00001 ( 1)  0.013  0.000
 738 V   0.99406 0.00593 0.00001 ( 1)  0.014  0.000
 739 E   0.99165 0.00834 0.00000 ( 1)  0.015  0.000
 740 Q   0.98259 0.01740 0.00001 ( 1)  0.020  0.000
 741 D   0.98652 0.01347 0.00001 ( 1)  0.018  0.000
 742 K   0.99181 0.00819 0.00000 ( 1)  0.015  0.000
 743 N   0.98985 0.01013 0.00002 ( 1)  0.016  0.000
 744 T   0.98893 0.01102 0.00004 ( 1)  0.017  0.000
 745 Q   0.98457 0.01543 0.00000 ( 1)  0.019  0.000
 746 E   0.99165 0.00834 0.00000 ( 1)  0.015  0.000
 747 V   0.99406 0.00593 0.00001 ( 1)  0.014  0.000
 748 F   0.99481 0.00519 0.00001 ( 1)  0.013  0.000
 749 A   0.98918 0.01076 0.00006 ( 1)  0.017  0.000
 750 Q   0.98054 0.01945 0.00001 ( 1)  0.022  0.000
 751 V   0.99122 0.00874 0.00003 ( 1)  0.015  0.000
 752 K   0.99181 0.00819 0.00000 ( 1)  0.015  0.000
 753 Q   0.98457 0.01543 0.00000 ( 1)  0.019  0.000
 754 I   0.99270 0.00729 0.00001 ( 1)  0.014  0.000
 755 Y   0.98265 0.01733 0.00002 ( 1)  0.021  0.000
 756 K   0.99005 0.00993 0.00002 ( 1)  0.016  0.000
 757 T   0.98832 0.01167 0.00001 ( 1)  0.017  0.000
 758 P   0.98475 0.01524 0.00000 ( 1)  0.019  0.000
 759 P   0.98780 0.01218 0.00002 ( 1)  0.017  0.000
 760 I   0.99453 0.00546 0.00001 ( 1)  0.013  0.000
 761 K   0.99181 0.00819 0.00000 ( 1)  0.015  0.000
 762 D   0.99546 0.00453 0.00001 ( 1)  0.013  0.000
 763 F   0.99481 0.00519 0.00001 ( 1)  0.013  0.000
 764 G   0.99443 0.00557 0.00000 ( 1)  0.013  0.000
 765 G   0.99095 0.00905 0.00001 ( 1)  0.015  0.000
 766 F   0.99282 0.00717 0.00001 ( 1)  0.014  0.000
 767 N   0.99390 0.00609 0.00001 ( 1)  0.014  0.000
 768 F   0.99481 0.00519 0.00001 ( 1)  0.013  0.000
 769 S   0.98068 0.01931 0.00001 ( 1)  0.022  0.000
 770 Q   0.98457 0.01543 0.00000 ( 1)  0.019  0.000
 771 I   0.99029 0.00970 0.00001 ( 1)  0.016  0.000
 772 L   0.98114 0.01885 0.00001 ( 1)  0.021  0.000
 773 P   0.98475 0.01524 0.00000 ( 1)  0.019  0.000
 774 D   0.99546 0.00453 0.00001 ( 1)  0.013  0.000
 775 P   0.98475 0.01524 0.00000 ( 1)  0.019  0.000
 776 S   0.98068 0.01931 0.00001 ( 1)  0.022  0.000
 777 K   0.99181 0.00819 0.00000 ( 1)  0.015  0.000
 778 P   0.98475 0.01524 0.00000 ( 1)  0.019  0.000
 779 S   0.98263 0.01737 0.00000 ( 1)  0.020  0.000
 780 K   0.98381 0.01619 0.00000 ( 1)  0.020  0.000
 781 R   0.97787 0.02213 0.00000 ( 1)  0.023  0.000
 782 S   0.98068 0.01931 0.00001 ( 1)  0.022  0.000
 783 F   0.99481 0.00519 0.00001 ( 1)  0.013  0.000
 784 I   0.99453 0.00546 0.00001 ( 1)  0.013  0.000
 785 E   0.98548 0.01451 0.00001 ( 1)  0.019  0.000
 786 D   0.99546 0.00453 0.00001 ( 1)  0.013  0.000
 787 L   0.98248 0.01746 0.00006 ( 1)  0.021  0.000
 788 L   0.98983 0.01016 0.00001 ( 1)  0.016  0.000
 789 F   0.98341 0.01658 0.00001 ( 1)  0.020  0.000
 790 N   0.98985 0.01013 0.00002 ( 1)  0.016  0.000
 791 K   0.99181 0.00819 0.00000 ( 1)  0.015  0.000
 792 V   0.97273 0.02725 0.00002 ( 1)  0.027  0.000
 793 T   0.98832 0.01167 0.00001 ( 1)  0.017  0.000
 794 L   0.99352 0.00648 0.00000 ( 1)  0.014  0.000
 795 A   0.99270 0.00725 0.00005 ( 1)  0.015  0.000
 796 D   0.99546 0.00453 0.00001 ( 1)  0.013  0.000
 797 A   0.99440 0.00559 0.00001 ( 1)  0.013  0.000
 798 G   0.97818 0.02181 0.00001 ( 1)  0.023  0.000
 799 F   0.98341 0.01658 0.00001 ( 1)  0.020  0.000
 800 I   0.98330 0.01668 0.00002 ( 1)  0.020  0.000
 801 K   0.99181 0.00819 0.00000 ( 1)  0.015  0.000
 802 Q   0.98457 0.01543 0.00000 ( 1)  0.019  0.000
 803 Y   0.99308 0.00692 0.00001 ( 1)  0.014  0.000
 804 G   0.99443 0.00557 0.00000 ( 1)  0.013  0.000
 805 D   0.99546 0.00453 0.00001 ( 1)  0.013  0.000
 806 C   0.97576 0.02423 0.00000 ( 1)  0.025  0.000
 807 L   0.99352 0.00648 0.00000 ( 1)  0.014  0.000
 808 G   0.99443 0.00557 0.00000 ( 1)  0.013  0.000
 809 D   0.99546 0.00453 0.00001 ( 1)  0.013  0.000
 810 I   0.99453 0.00546 0.00001 ( 1)  0.013  0.000
 811 A   0.99440 0.00559 0.00001 ( 1)  0.013  0.000
 812 A   0.99440 0.00559 0.00001 ( 1)  0.013  0.000
 813 R   0.98747 0.01252 0.00001 ( 1)  0.017  0.000
 814 D   0.99329 0.00668 0.00003 ( 1)  0.014  0.000
 815 L   0.98090 0.01908 0.00001 ( 1)  0.022  0.000
 816 I   0.99270 0.00729 0.00001 ( 1)  0.014  0.000
 817 C   0.99306 0.00694 0.00000 ( 1)  0.014  0.000
 818 A   0.98958 0.01038 0.00004 ( 1)  0.017  0.000
 819 Q   0.98457 0.01543 0.00000 ( 1)  0.019  0.000
 820 K   0.98381 0.01619 0.00000 ( 1)  0.020  0.000
 821 F   0.98754 0.01245 0.00001 ( 1)  0.017  0.000
 822 N   0.99326 0.00671 0.00003 ( 1)  0.014  0.000
 823 G   0.98216 0.01782 0.00002 ( 1)  0.021  0.000
 824 L   0.98983 0.01016 0.00001 ( 1)  0.016  0.000
 825 T   0.99101 0.00898 0.00002 ( 1)  0.015  0.000
 826 V   0.99406 0.00593 0.00001 ( 1)  0.014  0.000
 827 L   0.97232 0.02748 0.00020 ( 1)  0.029  0.000
 828 P   0.97988 0.02012 0.00001 ( 1)  0.022  0.000
 829 P   0.99294 0.00705 0.00000 ( 1)  0.014  0.000
 830 L   0.97628 0.02371 0.00000 ( 1)  0.024  0.000
 831 L   0.97675 0.02324 0.00001 ( 1)  0.024  0.000
 832 T   0.98832 0.01167 0.00001 ( 1)  0.017  0.000
 833 D   0.99546 0.00453 0.00001 ( 1)  0.013  0.000
 834 E   0.99165 0.00834 0.00000 ( 1)  0.015  0.000
 835 M   0.99135 0.00865 0.00000 ( 1)  0.015  0.000
 836 I   0.99249 0.00749 0.00002 ( 1)  0.015  0.000
 837 A   0.99440 0.00559 0.00001 ( 1)  0.013  0.000
 838 Q   0.98457 0.01543 0.00000 ( 1)  0.019  0.000
 839 Y   0.97790 0.02209 0.00001 ( 1)  0.023  0.000
 840 T   0.99436 0.00563 0.00001 ( 1)  0.013  0.000
 841 S   0.99307 0.00692 0.00001 ( 1)  0.014  0.000
 842 A   0.98823 0.01176 0.00001 ( 1)  0.017  0.000
 843 L   0.97542 0.02454 0.00005 ( 1)  0.025  0.000
 844 L   0.97230 0.02758 0.00012 ( 1)  0.028  0.000
 845 A   0.53293 0.42614 0.04093 ( 1)  0.743  0.041
 846 G   0.99194 0.00805 0.00001 ( 1)  0.015  0.000
 847 T   0.98832 0.01167 0.00001 ( 1)  0.017  0.000
 848 I   0.98330 0.01668 0.00002 ( 1)  0.020  0.000
 849 T   0.99200 0.00799 0.00001 ( 1)  0.015  0.000
 850 S   0.99004 0.00994 0.00002 ( 1)  0.016  0.000
 851 G   0.99443 0.00557 0.00000 ( 1)  0.013  0.000
 852 W   0.96871 0.03128 0.00000 ( 1)  0.029  0.000
 853 T   0.98544 0.01454 0.00002 ( 1)  0.019  0.000
 854 F   0.99481 0.00519 0.00001 ( 1)  0.013  0.000
 855 G   0.99443 0.00557 0.00000 ( 1)  0.013  0.000
 856 A   0.98823 0.01176 0.00001 ( 1)  0.017  0.000
 857 G   0.99194 0.00805 0.00001 ( 1)  0.015  0.000
 858 A   0.99440 0.00559 0.00001 ( 1)  0.013  0.000
 859 A   0.99270 0.00725 0.00005 ( 1)  0.015  0.000
 860 L   0.98417 0.01582 0.00001 ( 1)  0.019  0.000
 861 Q   0.98457 0.01543 0.00000 ( 1)  0.019  0.000
 862 I   0.99029 0.00970 0.00001 ( 1)  0.016  0.000
 863 P   0.98242 0.01757 0.00002 ( 1)  0.021  0.000
 864 F   0.99481 0.00519 0.00001 ( 1)  0.013  0.000
 865 A   0.98952 0.01046 0.00002 ( 1)  0.016  0.000
 866 M   0.99135 0.00865 0.00000 ( 1)  0.015  0.000
 867 Q   0.98457 0.01543 0.00000 ( 1)  0.019  0.000
 868 M   0.99135 0.00865 0.00000 ( 1)  0.015  0.000
 869 A   0.99440 0.00559 0.00001 ( 1)  0.013  0.000
 870 Y   0.99018 0.00981 0.00001 ( 1)  0.016  0.000
 871 R   0.97787 0.02213 0.00000 ( 1)  0.023  0.000
 872 F   0.99481 0.00519 0.00001 ( 1)  0.013  0.000
 873 N   0.99538 0.00461 0.00001 ( 1)  0.013  0.000
 874 G   0.99095 0.00905 0.00001 ( 1)  0.015  0.000
 875 I   0.99453 0.00546 0.00001 ( 1)  0.013  0.000
 876 G   0.98582 0.01418 0.00000 ( 1)  0.018  0.000
 877 V   0.99198 0.00800 0.00002 ( 1)  0.015  0.000
 878 T   0.99061 0.00936 0.00003 ( 1)  0.016  0.000
 879 Q   0.97303 0.02697 0.00000 ( 1)  0.026  0.000
 880 N   0.99538 0.00461 0.00001 ( 1)  0.013  0.000
 881 V   0.99406 0.00593 0.00001 ( 1)  0.014  0.000
 882 L   0.97832 0.02164 0.00004 ( 1)  0.023  0.000
 883 Y   0.99308 0.00692 0.00001 ( 1)  0.014  0.000
 884 E   0.98324 0.01676 0.00000 ( 1)  0.020  0.000
 885 N   0.99073 0.00925 0.00002 ( 1)  0.016  0.000
 886 Q   0.98054 0.01945 0.00001 ( 1)  0.022  0.000
 887 K   0.99181 0.00819 0.00000 ( 1)  0.015  0.000
 888 L   0.97874 0.02125 0.00001 ( 1)  0.023  0.000
 889 I   0.99453 0.00546 0.00001 ( 1)  0.013  0.000
 890 A   0.98056 0.01943 0.00002 ( 1)  0.022  0.000
 891 N   0.99073 0.00925 0.00002 ( 1)  0.016  0.000
 892 Q   0.97510 0.02489 0.00001 ( 1)  0.025  0.000
 893 F   0.99245 0.00755 0.00001 ( 1)  0.014  0.000
 894 N   0.99390 0.00609 0.00001 ( 1)  0.014  0.000
 895 S   0.99565 0.00434 0.00000 ( 1)  0.012  0.000
 896 A   0.99440 0.00559 0.00001 ( 1)  0.013  0.000
 897 I   0.99453 0.00546 0.00001 ( 1)  0.013  0.000
 898 G   0.97818 0.02181 0.00001 ( 1)  0.023  0.000
 899 K   0.99181 0.00819 0.00000 ( 1)  0.015  0.000
 900 I   0.99343 0.00655 0.00002 ( 1)  0.014  0.000
 901 Q   0.98054 0.01945 0.00001 ( 1)  0.022  0.000
 902 D   0.99066 0.00933 0.00001 ( 1)  0.016  0.000
 903 S   0.98068 0.01931 0.00001 ( 1)  0.022  0.000
 904 L   0.99352 0.00648 0.00000 ( 1)  0.014  0.000
 905 S   0.99004 0.00994 0.00002 ( 1)  0.016  0.000
 906 S   0.98977 0.01021 0.00002 ( 1)  0.016  0.000
 907 T   0.98484 0.01514 0.00002 ( 1)  0.019  0.000
 908 A   0.99052 0.00946 0.00003 ( 1)  0.016  0.000
 909 S   0.99565 0.00434 0.00000 ( 1)  0.012  0.000
 910 A   0.98823 0.01176 0.00001 ( 1)  0.017  0.000
 911 L   0.99352 0.00648 0.00000 ( 1)  0.014  0.000
 912 G   0.98931 0.01068 0.00001 ( 1)  0.016  0.000
 913 K   0.99181 0.00819 0.00000 ( 1)  0.015  0.000
 914 L   0.99352 0.00648 0.00000 ( 1)  0.014  0.000
 915 Q   0.98457 0.01543 0.00000 ( 1)  0.019  0.000
 916 D   0.99386 0.00613 0.00001 ( 1)  0.014  0.000
 917 V   0.98652 0.01338 0.00010 ( 1)  0.019  0.000
 918 V   0.98503 0.01492 0.00005 ( 1)  0.019  0.000
 919 N   0.99073 0.00925 0.00002 ( 1)  0.016  0.000
 920 Q   0.98457 0.01543 0.00000 ( 1)  0.019  0.000
 921 N   0.99538 0.00461 0.00001 ( 1)  0.013  0.000
 922 A   0.98823 0.01176 0.00001 ( 1)  0.017  0.000
 923 Q   0.98054 0.01945 0.00001 ( 1)  0.022  0.000
 924 A   0.99440 0.00559 0.00001 ( 1)  0.013  0.000
 925 L   0.98417 0.01582 0.00001 ( 1)  0.019  0.000
 926 N   0.98682 0.01317 0.00001 ( 1)  0.018  0.000
 927 T   0.98038 0.01959 0.00004 ( 1)  0.022  0.000
 928 L   0.99352 0.00648 0.00000 ( 1)  0.014  0.000
 929 V   0.99198 0.00800 0.00002 ( 1)  0.015  0.000
 930 K   0.99181 0.00819 0.00000 ( 1)  0.015  0.000
 931 Q   0.98457 0.01543 0.00000 ( 1)  0.019  0.000
 932 L   0.99352 0.00648 0.00000 ( 1)  0.014  0.000
 933 S   0.98908 0.01091 0.00001 ( 1)  0.016  0.000
 934 S   0.97712 0.02286 0.00001 ( 1)  0.024  0.000
 935 N   0.99538 0.00461 0.00001 ( 1)  0.013  0.000
 936 F   0.99481 0.00519 0.00001 ( 1)  0.013  0.000
 937 G   0.98777 0.01221 0.00002 ( 1)  0.017  0.000
 938 A   0.99270 0.00725 0.00005 ( 1)  0.015  0.000
 939 I   0.99453 0.00546 0.00001 ( 1)  0.013  0.000
 940 S   0.98078 0.01917 0.00006 ( 1)  0.022  0.000
 941 S   0.99371 0.00628 0.00001 ( 1)  0.014  0.000
 942 V   0.98040 0.01957 0.00003 ( 1)  0.022  0.000
 943 L   0.97230 0.02758 0.00012 ( 1)  0.028  0.000
 944 N   0.99538 0.00461 0.00001 ( 1)  0.013  0.000
 945 D   0.99546 0.00453 0.00001 ( 1)  0.013  0.000
 946 I   0.98873 0.01124 0.00003 ( 1)  0.017  0.000
 947 L   0.99352 0.00648 0.00000 ( 1)  0.014  0.000
 948 S   0.44023 0.55462 0.00515 ( 2)  0.408  0.005
 949 R   0.99083 0.00917 0.00000 ( 1)  0.015  0.000
 950 L   0.99103 0.00896 0.00001 ( 1)  0.015  0.000
 951 D   0.98652 0.01347 0.00001 ( 1)  0.018  0.000
 952 K   0.99181 0.00819 0.00000 ( 1)  0.015  0.000
 953 V   0.99406 0.00593 0.00001 ( 1)  0.014  0.000
 954 E   0.98324 0.01676 0.00000 ( 1)  0.020  0.000
 955 A   0.99440 0.00559 0.00001 ( 1)  0.013  0.000
 956 E   0.99165 0.00834 0.00000 ( 1)  0.015  0.000
 957 V   0.97273 0.02725 0.00002 ( 1)  0.027  0.000
 958 Q   0.98259 0.01740 0.00001 ( 1)  0.020  0.000
 959 I   0.99453 0.00546 0.00001 ( 1)  0.013  0.000
 960 D   0.99374 0.00624 0.00002 ( 1)  0.014  0.000
 961 R   0.97787 0.02213 0.00000 ( 1)  0.023  0.000
 962 L   0.97874 0.02125 0.00001 ( 1)  0.023  0.000
 963 I   0.98330 0.01668 0.00002 ( 1)  0.020  0.000
 964 T   0.98832 0.01167 0.00001 ( 1)  0.017  0.000
 965 G   0.98216 0.01782 0.00002 ( 1)  0.021  0.000
 966 R   0.98934 0.01065 0.00000 ( 1)  0.016  0.000
 967 L   0.98967 0.01032 0.00001 ( 1)  0.016  0.000
 968 Q   0.98054 0.01945 0.00001 ( 1)  0.022  0.000
 969 S   0.99371 0.00628 0.00001 ( 1)  0.014  0.000
 970 L   0.95211 0.04766 0.00023 ( 1)  0.042  0.000
 971 Q   0.97745 0.02253 0.00001 ( 1)  0.024  0.000
 972 T   0.99061 0.00936 0.00003 ( 1)  0.016  0.000
 973 Y   0.99308 0.00692 0.00001 ( 1)  0.014  0.000
 974 V   0.97273 0.02725 0.00002 ( 1)  0.027  0.000
 975 T   0.99283 0.00715 0.00002 ( 1)  0.014  0.000
 976 Q   0.98457 0.01543 0.00000 ( 1)  0.019  0.000
 977 Q   0.98457 0.01543 0.00000 ( 1)  0.019  0.000
 978 L   0.98417 0.01582 0.00001 ( 1)  0.019  0.000
 979 I   0.99270 0.00729 0.00001 ( 1)  0.014  0.000
 980 R   0.98934 0.01065 0.00000 ( 1)  0.016  0.000
 981 A   0.99275 0.00723 0.00002 ( 1)  0.014  0.000
 982 A   0.98823 0.01176 0.00001 ( 1)  0.017  0.000
 983 E   0.99165 0.00834 0.00000 ( 1)  0.015  0.000
 984 I   0.98330 0.01668 0.00002 ( 1)  0.020  0.000
 985 R   0.98934 0.01065 0.00000 ( 1)  0.016  0.000
 986 A   0.99440 0.00559 0.00001 ( 1)  0.013  0.000
 987 S   0.99307 0.00692 0.00001 ( 1)  0.014  0.000
 988 A   0.99210 0.00789 0.00001 ( 1)  0.015  0.000
 989 N   0.99538 0.00461 0.00001 ( 1)  0.013  0.000
 990 L   0.99352 0.00648 0.00000 ( 1)  0.014  0.000
 991 A   0.99440 0.00559 0.00001 ( 1)  0.013  0.000
 992 A   0.99275 0.00723 0.00002 ( 1)  0.014  0.000
 993 T   0.99283 0.00715 0.00002 ( 1)  0.014  0.000
 994 K   0.99181 0.00819 0.00000 ( 1)  0.015  0.000
 995 M   0.99135 0.00865 0.00000 ( 1)  0.015  0.000
 996 S   0.98629 0.01368 0.00003 ( 1)  0.018  0.000
 997 E   0.98324 0.01676 0.00000 ( 1)  0.020  0.000
 998 C   0.98892 0.01107 0.00000 ( 1)  0.017  0.000
 999 V   0.98822 0.01177 0.00001 ( 1)  0.017  0.000
1000 L   0.98188 0.01811 0.00001 ( 1)  0.021  0.000
1001 G   0.98582 0.01418 0.00000 ( 1)  0.018  0.000
1002 Q   0.98457 0.01543 0.00000 ( 1)  0.019  0.000
1003 S   0.98629 0.01368 0.00003 ( 1)  0.018  0.000
1004 K   0.99181 0.00819 0.00000 ( 1)  0.015  0.000
1005 R   0.98934 0.01065 0.00000 ( 1)  0.016  0.000
1006 V   0.99406 0.00593 0.00001 ( 1)  0.014  0.000
1007 D   0.99546 0.00453 0.00001 ( 1)  0.013  0.000
1008 F   0.99481 0.00519 0.00001 ( 1)  0.013  0.000
1009 C   0.99306 0.00694 0.00000 ( 1)  0.014  0.000
1010 G   0.98582 0.01418 0.00000 ( 1)  0.018  0.000
1011 K   0.98958 0.01039 0.00002 ( 1)  0.016  0.000
1012 G   0.97818 0.02181 0.00001 ( 1)  0.023  0.000
1013 Y   0.99018 0.00981 0.00001 ( 1)  0.016  0.000
1014 H   0.99468 0.00532 0.00000 ( 1)  0.013  0.000
1015 L   0.97842 0.02151 0.00007 ( 1)  0.024  0.000
1016 M   0.99135 0.00865 0.00000 ( 1)  0.015  0.000
1017 S   0.98977 0.01021 0.00002 ( 1)  0.016  0.000
1018 F   0.98341 0.01658 0.00001 ( 1)  0.020  0.000
1019 P   0.99294 0.00705 0.00000 ( 1)  0.014  0.000
1020 Q   0.97745 0.02253 0.00001 ( 1)  0.024  0.000
1021 S   0.98068 0.01931 0.00001 ( 1)  0.022  0.000
1022 A   0.98823 0.01176 0.00001 ( 1)  0.017  0.000
1023 P   0.98744 0.01255 0.00001 ( 1)  0.018  0.000
1024 H   0.99468 0.00532 0.00000 ( 1)  0.013  0.000
1025 G   0.99443 0.00557 0.00000 ( 1)  0.013  0.000
1026 V   0.99052 0.00945 0.00003 ( 1)  0.016  0.000
1027 V   0.98763 0.01233 0.00004 ( 1)  0.018  0.000
1028 F   0.98341 0.01658 0.00001 ( 1)  0.020  0.000
1029 L   0.97628 0.02371 0.00000 ( 1)  0.024  0.000
1030 H   0.99468 0.00532 0.00000 ( 1)  0.013  0.000
1031 V   0.98476 0.01518 0.00007 ( 1)  0.020  0.000
1032 T   0.99303 0.00693 0.00004 ( 1)  0.014  0.000
1033 Y   0.99308 0.00692 0.00001 ( 1)  0.014  0.000
1034 V   0.98503 0.01492 0.00005 ( 1)  0.019  0.000
1035 P   0.99294 0.00705 0.00000 ( 1)  0.014  0.000
1036 A   0.98823 0.01176 0.00001 ( 1)  0.017  0.000
1037 Q   0.98457 0.01543 0.00000 ( 1)  0.019  0.000
1038 E   0.99165 0.00834 0.00000 ( 1)  0.015  0.000
1039 K   0.98381 0.01619 0.00000 ( 1)  0.020  0.000
1040 N   0.98682 0.01317 0.00001 ( 1)  0.018  0.000
1041 F   0.98890 0.01108 0.00001 ( 1)  0.017  0.000
1042 T   0.99061 0.00936 0.00003 ( 1)  0.016  0.000
1043 T   0.99436 0.00563 0.00001 ( 1)  0.013  0.000
1044 A   0.99440 0.00559 0.00001 ( 1)  0.013  0.000
1045 P   0.99294 0.00705 0.00000 ( 1)  0.014  0.000
1046 A   0.98754 0.01243 0.00003 ( 1)  0.018  0.000
1047 I   0.99453 0.00546 0.00001 ( 1)  0.013  0.000
1048 C   0.99306 0.00694 0.00000 ( 1)  0.014  0.000
1049 H   0.99468 0.00532 0.00000 ( 1)  0.013  0.000
1050 D   0.74718 0.25198 0.00084 ( 1)  0.174  0.001
1051 G   0.98582 0.01418 0.00000 ( 1)  0.018  0.000
1052 K   0.99181 0.00819 0.00000 ( 1)  0.015  0.000
1053 A   0.98823 0.01176 0.00001 ( 1)  0.017  0.000
1054 H   0.98127 0.01873 0.00000 ( 1)  0.021  0.000
1055 F   0.99245 0.00755 0.00001 ( 1)  0.014  0.000
1056 P   0.99169 0.00830 0.00002 ( 1)  0.015  0.000
1057 R   0.99083 0.00917 0.00000 ( 1)  0.015  0.000
1058 E   0.99165 0.00834 0.00000 ( 1)  0.015  0.000
1059 G   0.99443 0.00557 0.00000 ( 1)  0.013  0.000
1060 V   0.98597 0.01400 0.00003 ( 1)  0.019  0.000
1061 F   0.98754 0.01245 0.00001 ( 1)  0.017  0.000
1062 V   0.99406 0.00593 0.00001 ( 1)  0.014  0.000
1063 S   0.98068 0.01931 0.00001 ( 1)  0.022  0.000
1064 N   0.99538 0.00461 0.00001 ( 1)  0.013  0.000
1065 G   0.97818 0.02181 0.00001 ( 1)  0.023  0.000
1066 T   0.99061 0.00936 0.00003 ( 1)  0.016  0.000
1067 H   0.98778 0.01221 0.00001 ( 1)  0.017  0.000
1068 W   0.96871 0.03128 0.00000 ( 1)  0.029  0.000
1069 F   0.99481 0.00519 0.00001 ( 1)  0.013  0.000
1070 V   0.70266 0.29270 0.00464 ( 1)  0.242  0.005
1071 T   0.98832 0.01167 0.00001 ( 1)  0.017  0.000
1072 Q   0.98457 0.01543 0.00000 ( 1)  0.019  0.000
1073 R   0.97787 0.02213 0.00000 ( 1)  0.023  0.000
1074 N   0.99538 0.00461 0.00001 ( 1)  0.013  0.000
1075 F   0.99481 0.00519 0.00001 ( 1)  0.013  0.000
1076 Y   0.99308 0.00692 0.00001 ( 1)  0.014  0.000
1077 E   0.99165 0.00834 0.00000 ( 1)  0.015  0.000
1078 P   0.98780 0.01218 0.00002 ( 1)  0.017  0.000
1079 Q   0.98457 0.01543 0.00000 ( 1)  0.019  0.000
1080 I   0.99195 0.00802 0.00003 ( 1)  0.015  0.000
1081 I   0.99453 0.00546 0.00001 ( 1)  0.013  0.000
1082 T   0.98981 0.01015 0.00004 ( 1)  0.016  0.000
1083 T   0.99061 0.00936 0.00003 ( 1)  0.016  0.000
1084 D   0.52979 0.46381 0.00640 ( 1)  0.367  0.006
1085 N   0.98682 0.01317 0.00001 ( 1)  0.018  0.000
1086 T   0.98832 0.01167 0.00001 ( 1)  0.017  0.000
1087 F   0.99245 0.00755 0.00001 ( 1)  0.014  0.000
1088 V   0.98140 0.01851 0.00009 ( 1)  0.022  0.000
1089 S   0.99307 0.00692 0.00001 ( 1)  0.014  0.000
1090 G   0.99443 0.00557 0.00000 ( 1)  0.013  0.000
1091 N   0.43819 0.55930 0.00251 ( 2)  0.381  0.003
1092 C   0.99306 0.00694 0.00000 ( 1)  0.014  0.000
1093 D   0.99546 0.00453 0.00001 ( 1)  0.013  0.000
1094 V   0.99406 0.00593 0.00001 ( 1)  0.014  0.000
1095 V   0.98822 0.01177 0.00001 ( 1)  0.017  0.000
1096 I   0.99165 0.00832 0.00003 ( 1)  0.015  0.000
1097 G   0.98582 0.01418 0.00000 ( 1)  0.018  0.000
1098 I   0.99343 0.00655 0.00002 ( 1)  0.014  0.000
1099 V   0.98139 0.01859 0.00003 ( 1)  0.021  0.000
1100 N   0.98682 0.01317 0.00001 ( 1)  0.018  0.000
1101 N   0.98682 0.01317 0.00001 ( 1)  0.018  0.000
1102 T   0.98832 0.01167 0.00001 ( 1)  0.017  0.000
1103 V   0.99406 0.00593 0.00001 ( 1)  0.014  0.000
1104 Y   0.99308 0.00692 0.00001 ( 1)  0.014  0.000
1105 D   0.99546 0.00453 0.00001 ( 1)  0.013  0.000
1106 P   0.99294 0.00705 0.00000 ( 1)  0.014  0.000
1107 L   0.97628 0.02371 0.00000 ( 1)  0.024  0.000
1108 Q   0.98457 0.01543 0.00000 ( 1)  0.019  0.000
1109 P   0.98606 0.01391 0.00003 ( 1)  0.019  0.000
1110 E   0.98913 0.01086 0.00001 ( 1)  0.016  0.000
1111 L   0.97824 0.02021 0.00155 ( 1)  0.040  0.002
1112 D   0.98959 0.01038 0.00002 ( 1)  0.016  0.000
1113 S   0.98068 0.01931 0.00001 ( 1)  0.022  0.000
1114 F   0.98890 0.01108 0.00001 ( 1)  0.017  0.000
1115 K   0.98381 0.01619 0.00000 ( 1)  0.020  0.000
1116 E   0.98324 0.01676 0.00000 ( 1)  0.020  0.000
1117 E   0.98324 0.01676 0.00000 ( 1)  0.020  0.000
1118 L   0.98227 0.01770 0.00002 ( 1)  0.021  0.000
1119 D   0.99386 0.00613 0.00001 ( 1)  0.014  0.000
1120 K   0.99181 0.00819 0.00000 ( 1)  0.015  0.000
1121 Y   0.98375 0.01623 0.00001 ( 1)  0.020  0.000
1122 F   0.99245 0.00755 0.00001 ( 1)  0.014  0.000
1123 K   0.98958 0.01039 0.00002 ( 1)  0.016  0.000
1124 N   0.99538 0.00461 0.00001 ( 1)  0.013  0.000
1125 H   0.99163 0.00836 0.00000 ( 1)  0.015  0.000
1126 T   0.98832 0.01167 0.00001 ( 1)  0.017  0.000
1127 S   0.98068 0.01931 0.00001 ( 1)  0.022  0.000
1128 P   0.98605 0.01394 0.00002 ( 1)  0.018  0.000
1129 D   0.99546 0.00453 0.00001 ( 1)  0.013  0.000
1130 V   0.99273 0.00723 0.00005 ( 1)  0.015  0.000
1131 D   0.99546 0.00453 0.00001 ( 1)  0.013  0.000
1132 L   0.97230 0.02758 0.00012 ( 1)  0.028  0.000
1133 G   0.99095 0.00905 0.00001 ( 1)  0.015  0.000
1134 D   0.98652 0.01347 0.00001 ( 1)  0.018  0.000
1135 I   0.99010 0.00985 0.00005 ( 1)  0.016  0.000
1136 S   0.99307 0.00692 0.00001 ( 1)  0.014  0.000
1137 G   0.97818 0.02181 0.00001 ( 1)  0.023  0.000
1138 I   0.99343 0.00655 0.00002 ( 1)  0.014  0.000
1139 N   0.99538 0.00461 0.00001 ( 1)  0.013  0.000
1140 A   0.99440 0.00559 0.00001 ( 1)  0.013  0.000
1141 S   0.97696 0.02302 0.00002 ( 1)  0.024  0.000
1142 V   0.99198 0.00800 0.00002 ( 1)  0.015  0.000
1143 V   0.98438 0.01556 0.00006 ( 1)  0.020  0.000
1144 N   0.98985 0.01013 0.00002 ( 1)  0.016  0.000
1145 I   0.99343 0.00655 0.00002 ( 1)  0.014  0.000
1146 Q   0.98457 0.01543 0.00000 ( 1)  0.019  0.000
1147 K   0.99005 0.00993 0.00002 ( 1)  0.016  0.000
1148 E   0.99165 0.00834 0.00000 ( 1)  0.015  0.000
1149 I   0.99453 0.00546 0.00001 ( 1)  0.013  0.000
1150 D   0.98652 0.01347 0.00001 ( 1)  0.018  0.000
1151 R   0.97140 0.02860 0.00000 ( 1)  0.027  0.000
1152 L   0.97675 0.02324 0.00001 ( 1)  0.024  0.000
1153 N   0.99538 0.00461 0.00001 ( 1)  0.013  0.000
1154 E   0.98324 0.01676 0.00000 ( 1)  0.020  0.000
1155 V   0.99406 0.00593 0.00001 ( 1)  0.014  0.000
1156 A   0.98056 0.01943 0.00002 ( 1)  0.022  0.000
1157 K   0.98958 0.01039 0.00002 ( 1)  0.016  0.000
1158 N   0.99538 0.00461 0.00001 ( 1)  0.013  0.000
1159 L   0.97986 0.02005 0.00010 ( 1)  0.023  0.000
1160 N   0.99538 0.00461 0.00001 ( 1)  0.013  0.000
1161 E   0.99165 0.00834 0.00000 ( 1)  0.015  0.000
1162 S   0.99004 0.00994 0.00002 ( 1)  0.016  0.000
1163 L   0.97675 0.02324 0.00001 ( 1)  0.024  0.000
1164 I   0.98873 0.01124 0.00003 ( 1)  0.017  0.000
1165 D   0.99386 0.00613 0.00001 ( 1)  0.014  0.000
1166 L   0.97832 0.02164 0.00004 ( 1)  0.023  0.000
1167 Q   0.98457 0.01543 0.00000 ( 1)  0.019  0.000
1168 E   0.98913 0.01086 0.00001 ( 1)  0.016  0.000
1169 L   0.99352 0.00648 0.00000 ( 1)  0.014  0.000
1170 G   0.98582 0.01418 0.00000 ( 1)  0.018  0.000
1171 K   0.98686 0.01313 0.00001 ( 1)  0.018  0.000
1172 Y   0.99308 0.00692 0.00001 ( 1)  0.014  0.000
1173 E   0.98500 0.01499 0.00001 ( 1)  0.019  0.000
1174 Q   0.97745 0.02253 0.00001 ( 1)  0.024  0.000
1175 Y   0.99018 0.00981 0.00001 ( 1)  0.016  0.000
1176 I   0.98894 0.01104 0.00003 ( 1)  0.017  0.000
1177 K   0.99181 0.00819 0.00000 ( 1)  0.015  0.000
1178 W   0.96871 0.03128 0.00000 ( 1)  0.029  0.000
1179 P   0.98780 0.01218 0.00002 ( 1)  0.017  0.000
1180 W   0.96871 0.03128 0.00000 ( 1)  0.029  0.000
1181 Y   0.97790 0.02209 0.00001 ( 1)  0.023  0.000
1182 I   0.99453 0.00546 0.00001 ( 1)  0.013  0.000
1183 W   0.96871 0.03128 0.00000 ( 1)  0.029  0.000
1184 L   0.98533 0.01463 0.00004 ( 1)  0.019  0.000
1185 G   0.99443 0.00557 0.00000 ( 1)  0.013  0.000
1186 F   0.99481 0.00519 0.00001 ( 1)  0.013  0.000
1187 I   0.99029 0.00970 0.00001 ( 1)  0.016  0.000
1188 A   0.99440 0.00559 0.00001 ( 1)  0.013  0.000
1189 G   0.97741 0.02256 0.00002 ( 1)  0.024  0.000
1190 L   0.97629 0.02366 0.00004 ( 1)  0.025  0.000
1191 I   0.99453 0.00546 0.00001 ( 1)  0.013  0.000
1192 A   0.98754 0.01243 0.00003 ( 1)  0.018  0.000
1193 I   0.98894 0.01104 0.00003 ( 1)  0.017  0.000
1194 V   0.51027 0.47469 0.01504 ( 1)  0.474  0.015
1195 M   0.99135 0.00865 0.00000 ( 1)  0.015  0.000
1196 V   0.98140 0.01851 0.00009 ( 1)  0.022  0.000
1197 T   0.98584 0.01413 0.00003 ( 1)  0.019  0.000
1198 I   0.99270 0.00729 0.00001 ( 1)  0.014  0.000
1199 M   0.99135 0.00865 0.00000 ( 1)  0.015  0.000
1200 L   0.98967 0.01032 0.00001 ( 1)  0.016  0.000
1201 C   0.98434 0.01565 0.00001 ( 1)  0.019  0.000
1202 C   0.99306 0.00694 0.00000 ( 1)  0.014  0.000
1203 M   0.99135 0.00865 0.00000 ( 1)  0.015  0.000
1204 T   0.98766 0.01232 0.00003 ( 1)  0.018  0.000
1205 S   0.99565 0.00434 0.00000 ( 1)  0.012  0.000
1206 C   0.97576 0.02423 0.00000 ( 1)  0.025  0.000
1207 C   0.99069 0.00930 0.00001 ( 1)  0.015  0.000
1208 S   0.99565 0.00434 0.00000 ( 1)  0.012  0.000
1209 C   0.98892 0.01107 0.00000 ( 1)  0.017  0.000
1210 L   0.97675 0.02324 0.00001 ( 1)  0.024  0.000
1211 K   0.98381 0.01619 0.00000 ( 1)  0.020  0.000
1212 G   0.98644 0.01354 0.00001 ( 1)  0.018  0.000
1213 C   0.99306 0.00694 0.00000 ( 1)  0.014  0.000
1214 C   0.98892 0.01107 0.00000 ( 1)  0.017  0.000
1215 S   0.99307 0.00692 0.00001 ( 1)  0.014  0.000
1216 C   0.98023 0.01976 0.00000 ( 1)  0.022  0.000
1217 G   0.98931 0.01068 0.00001 ( 1)  0.016  0.000
1218 S   0.98160 0.01839 0.00002 ( 1)  0.021  0.000
1219 C   0.97576 0.02423 0.00000 ( 1)  0.025  0.000
1220 C   0.97576 0.02423 0.00000 ( 1)  0.025  0.000
1221 K   0.99181 0.00819 0.00000 ( 1)  0.015  0.000
1222 F   0.99481 0.00519 0.00001 ( 1)  0.013  0.000
1223 D   0.99546 0.00453 0.00001 ( 1)  0.013  0.000
1224 E   0.99165 0.00834 0.00000 ( 1)  0.015  0.000
1225 D   0.98652 0.01347 0.00001 ( 1)  0.018  0.000
1226 D   0.99066 0.00933 0.00001 ( 1)  0.016  0.000
1227 S   0.99004 0.00994 0.00002 ( 1)  0.016  0.000
1228 E   0.98646 0.01353 0.00001 ( 1)  0.018  0.000
1229 P   0.98780 0.01218 0.00002 ( 1)  0.017  0.000
1230 V   0.98476 0.01518 0.00007 ( 1)  0.020  0.000
1231 L   0.97437 0.02560 0.00003 ( 1)  0.026  0.000
1232 K   0.99181 0.00819 0.00000 ( 1)  0.015  0.000
1233 G   0.98582 0.01418 0.00000 ( 1)  0.018  0.000
1234 V   0.98139 0.01859 0.00003 ( 1)  0.021  0.000
1235 K   0.99181 0.00819 0.00000 ( 1)  0.015  0.000
1236 L   0.98417 0.01582 0.00001 ( 1)  0.019  0.000
1237 H   0.99468 0.00532 0.00000 ( 1)  0.013  0.000
1238 Y   0.97790 0.02209 0.00001 ( 1)  0.023  0.000
1239 T   0.98832 0.01167 0.00001 ( 1)  0.017  0.000

Positively selected sites

	Prob(w>1)  mean w

   193 Q      0.816         9.540
   411 N      0.657         7.805
   455 V      0.567         6.818
   456 E      0.972*        11.242
   466 S      0.550         6.624
   473 N      0.949         10.993
   649 Q      0.572         6.868


lnL = -7557.419673

