

TREE # 1

  0  0.0000   9740.780014  x:  0.03730   0.01694   0.04828   0.06759   0.01388   0.10218   0.06581   0.04448   0.04642   0.04651   0.03765   0.01192   0.03266   0.09722   0.06901   0.04652   0.06870   2.00000   0.85633   0.71742   0.50000   1.20342   1.82925  
  1 99.0000   9054.447844  x:  0.02377   0.00407   0.03502   0.05416   0.00117   0.08919   0.05346   0.03097   0.03292   0.03390   0.02648   0.00000   0.02031   0.10189   0.08379   0.16229   0.05578   2.00036   0.85779   0.71671   0.49555   1.20149   1.82881  
  2 10078.1777   9018.427081  x:  0.02083   0.00181   0.03217   0.05126   0.00000   0.08639   0.05084   0.02803   0.02998   0.03125   0.02422   0.00738   0.01783   0.10237   0.08529   0.16536   0.05301   2.00045   0.85811   0.71657   0.49464   1.20106   1.82870  
  3 5910.9752   8983.541578  x:  0.01750   0.00000   0.02893   0.04797   0.00285   0.08322   0.04791   0.02470   0.02664   0.02821   0.02168   0.00860   0.01493   0.10283   0.08671   0.16592   0.04986   2.00054   0.85846   0.71641   0.49362   1.20058   1.82857  
  4 9514.8320   8813.670328  x:  0.00042   0.00313   0.01235   0.03104   0.01451   0.06693   0.03280   0.00751   0.00947   0.01260   0.00863   0.01452   0.00000   0.10518   0.09400   0.16874   0.03367   2.00102   0.86028   0.71557   0.48841   1.19809   1.82792  
  5 71857.3978   8809.301839  x:  0.00000   0.00321   0.01195   0.03063   0.01480   0.06653   0.03243   0.00709   0.00904   0.01222   0.00831   0.01466   0.00001   0.10524   0.09418   0.16880   0.03327   2.00103   0.86033   0.71555   0.48828   1.19803   1.82791  
  6 46313.9107   8749.876221  x:  0.00000   0.00313   0.00528   0.02366   0.01434   0.05984   0.02636   0.00000   0.00196   0.00594   0.00408   0.01444   0.00001   0.10596   0.09647   0.16846   0.02671   2.00122   0.86105   0.71523   0.48632   1.19700   1.82760  
  7 34579.9559   8737.665639  x:  0.00000   0.00316   0.00382   0.02177   0.01448   0.05802   0.02480   0.00000   0.00000   0.00457   0.00470   0.01451   0.00001   0.10611   0.09698   0.16847   0.02497   2.00127   0.86125   0.71515   0.48583   1.19671   1.82751  
  8 19026.9098   8698.254797  x:  0.00000   0.00327   0.00688   0.01090   0.01501   0.04760   0.01806   0.00000   0.00000   0.00000   0.00528   0.01477   0.00001   0.10620   0.09808   0.16856   0.01614   2.00157   0.86231   0.71474   0.48349   1.19505   1.82687  
  9 7229.7075   8672.803240  x:  0.00000   0.00339   0.00618   0.00000   0.01556   0.03715   0.01986   0.00000   0.00000   0.00000   0.00516   0.01505   0.00001   0.10527   0.09721   0.16884   0.01297   2.00185   0.86334   0.71443   0.48184   1.19326   1.82602  
 10 4416.4949   8640.264928  x:  0.00000   0.00365   0.00574   0.00000   0.01674   0.00251   0.01996   0.00000   0.00000   0.00000   0.00535   0.01561   0.00001   0.10388   0.10025   0.16907   0.01508   2.00286   0.86681   0.71347   0.47679   1.18709   1.82287  
 11 6334.1852   8627.649533  x:  0.00000   0.00345   0.00042   0.00000   0.01564   0.00283   0.01371   0.00000   0.00000   0.00000   0.00295   0.01490   0.00001   0.10274   0.10751   0.16814   0.01899   2.00501   0.87423   0.71144   0.46594   1.17391   1.81610  
 12 342.2707   8567.886892  x:  0.00000   0.00016   0.00197   0.00000   0.00000   0.00755   0.06167   0.00000   0.00000   0.00000   0.00357   0.00590   0.00001   0.12207   0.24784   0.15151   0.00267   2.03685   0.98779   0.67655   0.26945   0.98161   1.72460  
 13 728.8232   8567.886892  x:  0.00000   0.00016   0.00197   0.00000   0.00000   0.00755   0.06167   0.00000   0.00000   0.00000   0.00357   0.00590   0.00001   0.12207   0.24784   0.15151   0.00267   2.03685   0.98779   0.67655   0.26945   0.98161   1.72460  
 14 1357.1225   8561.999372  x:  0.00000   0.00025   0.00196   0.00000   0.00039   0.00754   0.06166   0.00000   0.00000   0.00000   0.00358   0.00589   0.00185   0.12207   0.24783   0.15155   0.00267   2.03685   0.98780   0.67655   0.26944   0.98161   1.72460  
 15 112853.1463   8548.153932  x:  0.00000   0.00955   0.00017   0.00000   0.00440   0.00544   0.05863   0.00000   0.00000   0.00000   0.00560   0.00320   0.00088   0.12224   0.24684   0.15836   0.00280   2.03693   0.98827   0.67635   0.26813   0.98101   1.72442  
 16 4310.0908   8536.198832  x:  0.00000   0.01496   0.00539   0.00000   0.00616   0.00320   0.05512   0.00000   0.00000   0.00000   0.00713   0.00028   0.00043   0.12244   0.24569   0.16610   0.00289   2.03703   0.98882   0.67612   0.26661   0.98031   1.72421  
 17 9034.2151   8510.838036  x:  0.00000   0.01806   0.00754   0.00000   0.00479   0.00027   0.04832   0.00000   0.00000   0.00000   0.00829   0.00501   0.00064   0.12278   0.24345   0.18057   0.00288   2.03721   0.98991   0.67567   0.26360   0.97895   1.72380  
 18 5668.8379   8438.756327  x:  0.00000   0.02721   0.01336   0.00000   0.00000   0.00600   0.02590   0.00000   0.00000   0.00000   0.01166   0.01650   0.00141   0.12389   0.23608   0.22796   0.00283   2.03781   0.99348   0.67418   0.25365   0.97447   1.72246  
 19 33141.9066   8397.725715  x:  0.00000   0.03379   0.01975   0.00000   0.00141   0.01210   0.00324   0.00000   0.00000   0.00000   0.01451   0.02945   0.00099   0.12499   0.22863   0.27566   0.00274   2.03842   0.99711   0.67266   0.24357   0.96993   1.72111  
 20 160603.7850   8265.269021  x:  0.00000   0.01195   0.00465   0.00000   0.00096   0.00500   0.00127   0.00000   0.00000   0.00000   0.00066   0.00568   0.00152   0.12578   0.21146   0.36122   0.00463   2.03996   1.00663   0.66853   0.21585   0.95849   1.71793  
 21 3216.4466   8237.537087  x:  0.00000   0.00591   0.00089   0.00000   0.00088   0.00337   0.00223   0.00000   0.00000   0.00116   0.00115   0.00000   0.00166   0.12596   0.20713   0.38264   0.00490   2.04035   1.00905   0.66748   0.20880   0.95558   1.71713  
 22 52489.1304   8232.300538  x:  0.00000   0.00562   0.00079   0.00000   0.00094   0.00350   0.00586   0.00000   0.00000   0.00000   0.00067   0.00002   0.00165   0.12593   0.20556   0.38901   0.00523   2.04050   1.01001   0.66705   0.20597   0.95447   1.71683  
 23 4863.0407   8232.300538  x:  0.00000   0.00562   0.00079   0.00000   0.00094   0.00350   0.00586   0.00000   0.00000   0.00000   0.00067   0.00002   0.00165   0.12593   0.20556   0.38901   0.00523   2.04050   1.01001   0.66705   0.20597   0.95447   1.71683  
 24 865.8731   8227.086942  x:  0.00000   0.00556   0.00080   0.00000   0.00094   0.00349   0.00587   0.00000   0.00000   0.00019   0.00122   0.00340   0.00163   0.12592   0.20555   0.38904   0.00520   2.04050   1.01002   0.66705   0.20593   0.95446   1.71683  
 25 49531.1306   8220.348960  x:  0.00000   0.00397   0.00122   0.00000   0.00101   0.00319   0.00587   0.00000   0.00000   0.00140   0.00825   0.00273   0.00098   0.12585   0.20518   0.38982   0.00436   2.04055   1.01035   0.66690   0.20494   0.95409   1.71673  
 26 4023.4085   8216.585228  x:  0.00000   0.00209   0.00084   0.00000   0.00095   0.00298   0.00588   0.00000   0.00000   0.00000   0.00872   0.00275   0.00103   0.12576   0.20473   0.39083   0.00352   2.04062   1.01078   0.66670   0.20365   0.95362   1.71661  
 27 1453.0513   8214.847312  x:  0.00000   0.00056   0.00192   0.00000   0.00114   0.00299   0.00589   0.00000   0.00000   0.00000   0.00898   0.00278   0.00093   0.12565   0.20412   0.39217   0.00313   2.04070   1.01135   0.66644   0.20193   0.95299   1.71644  
 28 2987.3056   8203.028882  x:  0.00000   0.00125   0.00296   0.00000   0.00070   0.00292   0.00592   0.00000   0.00000   0.00000   0.01062   0.00284   0.00137   0.12463   0.19881   0.40389   0.00047   2.04144   1.01640   0.66416   0.18682   0.94745   1.71499  
 29 1947.8292   8167.915028  x:  0.00000   0.00142   0.00345   0.00000   0.00000   0.00248   0.00604   0.00000   0.00000   0.00000   0.01501   0.00296   0.00225   0.12202   0.18508   0.43426   0.00080   2.04337   1.02951   0.65822   0.14757   0.93309   1.71122  
 30 38211.7216   8024.831588  x:  0.00000   0.00220   0.00486   0.00000   0.00005   0.00081   0.00647   0.00000   0.00000   0.00000   0.03155   0.00344   0.00560   0.11219   0.13344   0.54847   0.00175   2.05063   1.07879   0.63589   0.00000   0.87906   1.69704  
 31 4273484.2688   8010.640693  x:  0.00000   0.00225   0.00443   0.00000   0.00006   0.00895   0.00695   0.00000   0.00000   0.00000   0.04330   0.00376   0.00600   0.10602   0.09755   0.63071   0.00210   2.05587   1.11476   0.61957   0.00000   0.83984   1.68673  
 32 51240.0797   8001.681458  x:  0.00000   0.00255   0.00407   0.00000   0.00005   0.00827   0.00721   0.00000   0.00000   0.00000   0.04468   0.00387   0.00048   0.10797   0.09441   0.65041   0.00184   2.05720   1.12499   0.61488   0.00000   0.82930   1.68393  
 33 3202.6245   7806.271345  x:  0.00000   0.00577   0.01015   0.00000   0.00003   0.00021   0.01438   0.00000   0.00000   0.00000   0.08316   0.00502   0.00569   0.23615   0.11211   1.24788   0.00331   2.09899   1.46936   0.45625   0.00000   0.48503   1.59199  
 34 5129.3993   7802.362258  x:  0.00000   0.00579   0.01016   0.00000   0.00003   0.00020   0.00551   0.00000   0.00000   0.00000   0.08319   0.00502   0.00562   0.23578   0.11379   1.25765   0.00332   2.09990   1.47539   0.45358   0.00000   0.47773   1.59113  
 35 977.7165   7722.078171  x:  0.00000   0.00544   0.00987   0.00000   0.00007   0.00062   0.00603   0.00000   0.00000   0.00000   0.03056   0.00346   0.00436   0.00000   0.25506   1.37031   0.00331   2.13207   1.57468   0.42108   0.00000   0.23876   1.64150  
 36 288.3755   7722.078171  x:  0.00000   0.00544   0.00987   0.00000   0.00007   0.00062   0.00603   0.00000   0.00000   0.00000   0.03056   0.00346   0.00436   0.00000   0.25506   1.37031   0.00331   2.13207   1.57468   0.42108   0.00000   0.23876   1.64150  
 37 474.7287   7718.310991  x:  0.00000   0.00529   0.00971   0.00000   0.00313   0.00152   0.00606   0.00000   0.00000   0.00000   0.03042   0.00335   0.00423   0.00015   0.25512   1.37031   0.00332   2.13208   1.57472   0.42107   0.00000   0.23870   1.64150  
 38 14304.5762   7706.463660  x:  0.00000   0.00147   0.00539   0.00000   0.00171   0.00842   0.00696   0.00000   0.00000   0.00000   0.02695   0.00038   0.00104   0.00407   0.25674   1.37017   0.00368   2.13213   1.57564   0.42078   0.00000   0.23707   1.64144  
 39 2032.6930   7703.935364  x:  0.00000   0.00040   0.00363   0.00000   0.00148   0.00952   0.00719   0.00000   0.00000   0.00000   0.02549   0.00174   0.00054   0.00568   0.25740   1.37011   0.00373   2.13215   1.57604   0.42065   0.00000   0.23637   1.64141  
 40 3157.0040   7699.579514  x:  0.00000   0.00119   0.00057   0.00000   0.00123   0.01074   0.00752   0.00000   0.00000   0.00000   0.02285   0.00250   0.00115   0.00855   0.25858   1.37000   0.00377   2.13219   1.57676   0.42042   0.00000   0.23509   1.64136  
 41 4057.0539   7681.131718  x:  0.00000   0.00028   0.00124   0.00000   0.00155   0.00919   0.00839   0.00000   0.00000   0.00000   0.00464   0.00194   0.00251   0.02793   0.26653   1.36917   0.00332   2.13248   1.58189   0.41882   0.00000   0.22598   1.64100  
 42 2064.9332   7680.036910  x:  0.00000   0.00091   0.00146   0.00000   0.00157   0.00909   0.00842   0.00000   0.00000   0.00000   0.00322   0.00211   0.00160   0.03009   0.26741   1.36907   0.00335   2.13251   1.58250   0.41863   0.00000   0.22489   1.64096  
 43 4393.9631   7676.089622  x:  0.00000   0.00086   0.00055   0.00000   0.00194   0.00724   0.00812   0.00000   0.00000   0.00000   0.00354   0.00142   0.00029   0.03646   0.26996   1.36871   0.00353   2.13262   1.58445   0.41803   0.00000   0.22135   1.64083  
 44 1890.7386   7657.256134  x:  0.00000   0.00315   0.00533   0.00000   0.00192   0.00734   0.00563   0.00000   0.00000   0.00000   0.01718   0.00295   0.00046   0.10761   0.29815   1.36454   0.00752   2.13389   1.60702   0.41104   0.00000   0.18022   1.63941  
 45 5056.7790   7654.872940  x:  0.00000   0.00334   0.00560   0.00000   0.00190   0.00743   0.00826   0.00000   0.00000   0.00000   0.01818   0.00304   0.00035   0.11081   0.29838   1.36374   0.00289   2.13405   1.61015   0.41010   0.00000   0.17345   1.63943  
 46 694.8000   7619.556410  x:  0.00000   0.00326   0.00553   0.00000   0.00196   0.00708   0.01155   0.00000   0.00000   0.00000   0.01781   0.00294   0.00032   0.11836   0.27390   1.34738   0.00476   2.13697   1.66730   0.39334   0.00000   0.04015   1.64139  
 47 754.1964   7618.430486  x:  0.00000   0.00324   0.00543   0.00000   0.00188   0.00750   0.00796   0.00000   0.00000   0.00000   0.01763   0.00297   0.00033   0.11880   0.27246   1.34651   0.00283   2.13715   1.67026   0.39272   0.00000   0.03458   1.64137  
 48 825.5842   7617.763024  x:  0.00000   0.00323   0.00540   0.00000   0.00185   0.00764   0.00678   0.00000   0.00000   0.00000   0.01757   0.00297   0.00033   0.11903   0.27178   1.34612   0.00220   2.13724   1.67156   0.39253   0.00244   0.03283   1.64132  
 49 816.3299   7611.743717  x:  0.00000   0.00320   0.00536   0.00000   0.00185   0.00760   0.00623   0.00000   0.00000   0.00000   0.01739   0.00294   0.00031   0.14169   0.21848   1.32194   0.00214   2.14497   1.74329   0.41399   0.00000   0.04689   1.62269  
 50 77.6868   7611.743717  x:  0.00000   0.00320   0.00536   0.00000   0.00185   0.00760   0.00623   0.00000   0.00000   0.00000   0.01739   0.00294   0.00031   0.14169   0.21848   1.32194   0.00214   2.14497   1.74329   0.41399   0.00000   0.04689   1.62269  
 51 114.3518   7609.287694  x:  0.00000   0.00201   0.00392   0.00000   0.00111   0.00657   0.00632   0.00000   0.00000   0.00000   0.01637   0.00189   0.00483   0.14166   0.21843   1.32190   0.00308   2.14498   1.74338   0.41402   0.00023   0.04685   1.62268  
 52 2726.6546   7606.405049  x:  0.00000   0.00054   0.00174   0.00000   0.00084   0.00505   0.00644   0.00000   0.00000   0.00000   0.01475   0.00065   0.00447   0.14162   0.21834   1.32183   0.00350   2.14500   1.74353   0.41406   0.00047   0.04676   1.62265  
 53 1411.9486   7605.468392  x:  0.00000   0.00086   0.00063   0.00000   0.00091   0.00419   0.00650   0.00000   0.00000   0.00000   0.01374   0.00073   0.00443   0.14160   0.21829   1.32179   0.00369   2.14501   1.74363   0.41408   0.00056   0.04669   1.62263  
 54 1892.8019   7604.337764  x:  0.00000   0.00070   0.00094   0.00000   0.00105   0.00223   0.00662   0.00000   0.00000   0.00000   0.01098   0.00125   0.00437   0.14152   0.21813   1.32167   0.00399   2.14504   1.74391   0.41415   0.00067   0.04646   1.62257  
 55 1106.6609   7603.737187  x:  0.00000   0.00116   0.00122   0.00000   0.00085   0.00215   0.00668   0.00000   0.00000   0.00000   0.00855   0.00068   0.00432   0.14144   0.21797   1.32154   0.00401   2.14507   1.74421   0.41422   0.00064   0.04620   1.62251  
 56 971.9996   7603.268560  x:  0.00000   0.00097   0.00112   0.00000   0.00093   0.00276   0.00671   0.00000   0.00000   0.00000   0.00629   0.00094   0.00434   0.14135   0.21779   1.32141   0.00394   2.14510   1.74453   0.41430   0.00057   0.04592   1.62244  
 57 1388.8565   7603.227368  x:  0.00000   0.00095   0.00110   0.00000   0.00113   0.00270   0.00658   0.00000   0.00000   0.00000   0.00623   0.00086   0.00441   0.14121   0.21751   1.32120   0.00357   2.14516   1.74503   0.41442   0.00046   0.04547   1.62233  
 58 97.0157   7603.160144  x:  0.00000   0.00092   0.00106   0.00000   0.00090   0.00261   0.00640   0.00000   0.00000   0.00000   0.00617   0.00091   0.00445   0.14094   0.21700   1.32081   0.00314   2.14525   1.74595   0.41464   0.00038   0.04467   1.62213  
 59 493.7034   7601.479126  x:  0.00000   0.00091   0.00103   0.00000   0.00088   0.00256   0.00407   0.00000   0.00000   0.00000   0.00602   0.00089   0.00431   0.13353   0.20256   1.30983   0.00427   2.14803   1.77196   0.42102   0.00347   0.02315   1.61639  
 60 528.1466   7599.524371  x:  0.00000   0.00089   0.00102   0.00000   0.00090   0.00254   0.00591   0.00000   0.00000   0.00000   0.00592   0.00087   0.00438   0.12552   0.18679   1.29766   0.00360   2.15110   1.80076   0.42810   0.00912   0.00000   1.61000  
 61 5261.7726   7599.524371  x:  0.00000   0.00089   0.00102   0.00000   0.00090   0.00254   0.00591   0.00000   0.00000   0.00000   0.00592   0.00087   0.00438   0.12552   0.18679   1.29766   0.00360   2.15110   1.80076   0.42810   0.00912   0.00000   1.61000  
 62 894.0965   7598.044002  x:  0.00000   0.00157   0.00111   0.00000   0.00153   0.00347   0.00617   0.00000   0.00000   0.00000   0.00638   0.00182   0.00162   0.12574   0.18695   1.29757   0.00308   2.15113   1.80096   0.42815   0.01017   0.00032   1.60992  
 63 829.6362   7597.782420  x:  0.00000   0.00133   0.00106   0.00000   0.00130   0.00352   0.00623   0.00000   0.00000   0.00000   0.00649   0.00157   0.00090   0.12583   0.18703   1.29753   0.00302   2.15114   1.80105   0.42817   0.01038   0.00040   1.60989  
 64 808.7835   7597.705032  x:  0.00000   0.00125   0.00115   0.00000   0.00125   0.00371   0.00644   0.00000   0.00000   0.00000   0.00683   0.00134   0.00104   0.12617   0.18729   1.29739   0.00288   2.15117   1.80137   0.42825   0.01095   0.00062   1.60979  
 65 171.1090   7597.646449  x:  0.00000   0.00127   0.00088   0.00000   0.00122   0.00359   0.00657   0.00000   0.00000   0.00000   0.00708   0.00141   0.00107   0.12675   0.18774   1.29715   0.00307   2.15123   1.80191   0.42839   0.01112   0.00077   1.60961  
 66 173.7483   7597.485697  x:  0.00000   0.00129   0.00121   0.00000   0.00120   0.00308   0.00687   0.00000   0.00000   0.00000   0.00767   0.00158   0.00102   0.12879   0.18933   1.29629   0.00359   2.15145   1.80383   0.42888   0.01122   0.00118   1.60899  
 67 671.8293   7596.669180  x:  0.00000   0.00129   0.00106   0.00000   0.00195   0.00315   0.00711   0.00000   0.00000   0.00000   0.00856   0.00107   0.00093   0.13961   0.19772   1.29168   0.00293   2.15260   1.81416   0.43149   0.00988   0.00287   1.60567  
 68 902.5435   7596.220909  x:  0.00000   0.00116   0.00110   0.00000   0.00110   0.00365   0.00684   0.00000   0.00000   0.00000   0.00825   0.00165   0.00105   0.14532   0.20212   1.28916   0.00263   2.15323   1.81979   0.43291   0.00962   0.00391   1.60386  
 69 2392.4698   7595.928472  x:  0.00000   0.00145   0.00113   0.00000   0.00111   0.00388   0.00624   0.00000   0.00000   0.00000   0.00701   0.00135   0.00103   0.14908   0.20496   1.28733   0.00319   2.15368   1.82387   0.43394   0.01014   0.00483   1.60257  
 70 1176.8820   7595.880242  x:  0.00000   0.00119   0.00111   0.00000   0.00128   0.00374   0.00620   0.00000   0.00000   0.00000   0.00670   0.00146   0.00104   0.14960   0.20532   1.28698   0.00313   2.15377   1.82465   0.43414   0.01032   0.00501   1.60232  
 71 436.1820   7595.840447  x:  0.00000   0.00134   0.00109   0.00000   0.00123   0.00342   0.00635   0.00000   0.00000   0.00000   0.00645   0.00145   0.00103   0.14983   0.20539   1.28655   0.00287   2.15387   1.82558   0.43437   0.01042   0.00519   1.60206  
 72 195.9383   7595.131416  x:  0.00000   0.00125   0.00113   0.00000   0.00119   0.00409   0.00924   0.00000   0.00000   0.00000   0.00504   0.00141   0.00103   0.15050   0.20249   1.27593   0.00333   2.15644   1.84845   0.44008   0.00931   0.00830   1.59569  
 73 234.9112   7581.156592  x:  0.00000   0.00122   0.00103   0.00000   0.00122   0.00354   0.00732   0.00000   0.00000   0.00000   0.00520   0.00137   0.00087   0.15546   0.16193   1.13918   0.00291   2.18942   2.14269   0.51346   0.00000   0.04910   1.51396  
 74 3292.2385   7567.612846  x:  0.00000   0.00115   0.00092   0.00000   0.00113   0.00325   0.00607   0.00000   0.00000   0.00000   0.00542   0.00132   0.00070   0.15802   0.12210   0.96567   0.00247   2.23026   2.50458   0.60979   0.01488   0.00000   1.41190  
 75 928.5125   7565.417840  x:  0.00000   0.00114   0.00090   0.00000   0.00113   0.00317   0.00588   0.00000   0.00000   0.00000   0.00540   0.00130   0.00066   0.11280   0.16397   0.93499   0.00240   2.23612   2.57231   0.62956   0.01566   0.00000   1.38710  
 76 94.3622   7564.294326  x:  0.00000   0.00110   0.00087   0.00000   0.00109   0.00307   0.00548   0.00000   0.00000   0.00000   0.00541   0.00126   0.00061   0.10521   0.15598   0.97302   0.00228   2.15319   2.56737   0.75894   0.01410   0.00000   1.15684  
 77  6.8351   7563.142089  x:  0.00000   0.00105   0.00083   0.00000   0.00104   0.00292   0.00513   0.00000   0.00000   0.00000   0.00537   0.00121   0.00058   0.09824   0.14871   0.89406   0.00217   2.07395   2.51929   0.89683   0.01146   0.00000   0.93114  
 78 39.0640   7563.094405  x:  0.00000   0.00104   0.00083   0.00000   0.00104   0.00291   0.00509   0.00000   0.00000   0.00000   0.00537   0.00121   0.00057   0.09745   0.14788   0.88504   0.00216   2.06495   2.51384   0.91239   0.01116   0.00374   0.90529  
 79 223.7706   7561.756458  x:  0.00000   0.00080   0.00081   0.00000   0.00079   0.00251   0.00471   0.00000   0.00000   0.00000   0.00526   0.00092   0.00090   0.11143   0.14369   0.87631   0.00237   2.25364   2.57414   0.91011   0.01136   0.00201   0.83879  
 80  0.4960   7561.055909  x:  0.00000   0.00069   0.00082   0.00000   0.00068   0.00234   0.00466   0.00000   0.00000   0.00000   0.00530   0.00078   0.00109   0.12087   0.14542   0.85553   0.00254   2.09726   2.66120   0.92310   0.01252   0.00205   0.92844  
 81  3.2199   7560.719565  x:  0.00000   0.00095   0.00085   0.00000   0.00098   0.00255   0.00516   0.00000   0.00000   0.00000   0.00565   0.00088   0.00108   0.12374   0.14622   0.85814   0.00261   2.16123   2.74751   1.07242   0.01268   0.00896   1.04602  
 82  0.4187   7560.582587  x:  0.00000   0.00079   0.00086   0.00000   0.00078   0.00261   0.00526   0.00000   0.00000   0.00000   0.00548   0.00092   0.00091   0.12295   0.14650   0.86633   0.00258   2.17722   2.81725   1.21205   0.01267   0.01322   1.10504  
 83  0.1918   7560.530355  x:  0.00000   0.00087   0.00086   0.00000   0.00086   0.00259   0.00520   0.00000   0.00000   0.00000   0.00528   0.00090   0.00088   0.12255   0.14559   0.86339   0.00256   2.14049   2.84456   1.22674   0.01284   0.01148   1.08506  
 84  0.0842   7560.518951  x:  0.00000   0.00086   0.00085   0.00000   0.00086   0.00252   0.00504   0.00000   0.00000   0.00000   0.00532   0.00087   0.00091   0.12128   0.14505   0.86129   0.00255   2.14542   2.85103   1.27674   0.01257   0.01340   1.09720  
 85  0.0902   7560.517267  x:  0.00000   0.00085   0.00085   0.00000   0.00085   0.00253   0.00511   0.00000   0.00000   0.00000   0.00536   0.00089   0.00091   0.12103   0.14483   0.86013   0.00255   2.14393   2.85060   1.27681   0.01255   0.01322   1.09301  
 86  0.0099   7560.517066  x:  0.00000   0.00085   0.00085   0.00000   0.00084   0.00255   0.00509   0.00000   0.00000   0.00000   0.00537   0.00089   0.00091   0.12095   0.14485   0.86058   0.00254   2.14596   2.84985   1.28512   0.01247   0.01360   1.09303  
 87  0.0079   7560.514532  x:  0.00000   0.00083   0.00085   0.00000   0.00086   0.00253   0.00508   0.00000   0.00000   0.00000   0.00540   0.00091   0.00089   0.12026   0.14503   0.86347   0.00251   2.16078   2.83399   1.41662   0.01117   0.02051   1.09743  
 88  0.0167   7560.509080  x:  0.00000   0.00083   0.00085   0.00000   0.00085   0.00253   0.00508   0.00000   0.00000   0.00000   0.00539   0.00091   0.00089   0.12011   0.14502   0.86350   0.00251   2.16638   2.82199   1.49258   0.01024   0.02482   1.09880  
 89  0.0600   7560.487853  x:  0.00000   0.00085   0.00085   0.00000   0.00084   0.00254   0.00510   0.00000   0.00000   0.00000   0.00530   0.00087   0.00089   0.12047   0.14482   0.86078   0.00252   2.16903   2.80063   1.59066   0.00861   0.03114   1.09820  
 90  0.5722   7560.427813  x:  0.00000   0.00090   0.00085   0.00000   0.00079   0.00257   0.00517   0.00000   0.00000   0.00000   0.00506   0.00075   0.00092   0.12244   0.14415   0.85108   0.00260   2.15160   2.77697   1.62623   0.00662   0.03608   1.09326  
 91  0.0422   7560.366193  x:  0.00000   0.00089   0.00086   0.00000   0.00080   0.00255   0.00514   0.00000   0.00000   0.00000   0.00501   0.00081   0.00094   0.12347   0.14416   0.85003   0.00263   2.14473   2.76034   1.74472   0.00395   0.04474   1.10297  
 92  0.2930   7560.129671  x:  0.00000   0.00083   0.00085   0.00000   0.00088   0.00247   0.00510   0.00000   0.00000   0.00000   0.00512   0.00098   0.00098   0.12507   0.14470   0.85597   0.00265   2.12666   2.77857   1.86760   0.00000   0.05565   1.14618  
 93  0.1808   7560.087112  x:  0.00000   0.00083   0.00085   0.00000   0.00088   0.00248   0.00509   0.00000   0.00000   0.00000   0.00512   0.00098   0.00098   0.12487   0.14468   0.85553   0.00265   2.12722   2.77645   1.84417   0.00000   0.05353   1.13957  
 94  1.6325   7559.889631  x:  0.00000   0.00078   0.00083   0.00000   0.00091   0.00247   0.00519   0.00000   0.00000   0.00000   0.00563   0.00094   0.00099   0.12273   0.14547   0.87441   0.00257   2.12607   2.91277   2.00582   0.00000   0.05641   1.27829  
 95  0.2020   7559.806074  x:  0.00000   0.00087   0.00086   0.00000   0.00083   0.00252   0.00500   0.00000   0.00000   0.00000   0.00531   0.00105   0.00088   0.12298   0.14455   0.87123   0.00250   2.16571   2.99470   2.04935   0.00000   0.06077   1.38434  
 96  0.0920   7559.700708  x:  0.00000   0.00079   0.00085   0.00000   0.00094   0.00271   0.00518   0.00000   0.00000   0.00000   0.00525   0.00079   0.00090   0.12297   0.14550   0.87469   0.00258   2.18531   3.09118   2.00531   0.00000   0.06966   1.51454  
 97  0.0746   7559.567772  x:  0.00000   0.00090   0.00084   0.00000   0.00088   0.00266   0.00526   0.00000   0.00000   0.00000   0.00535   0.00079   0.00098   0.12383   0.14680   0.88372   0.00264   2.17613   3.25731   1.96231   0.00000   0.08506   1.70293  
 98  0.2370   7559.552789  x:  0.00000   0.00093   0.00084   0.00000   0.00086   0.00264   0.00529   0.00000   0.00000   0.00000   0.00538   0.00079   0.00101   0.12408   0.14719   0.88638   0.00266   2.17342   3.30634   1.94962   0.00060   0.08960   1.75853  
 99 6448.4148   7559.360795  x:  0.00000   0.00078   0.00085   0.00000   0.00088   0.00244   0.00506   0.00000   0.00000   0.00000   0.00537   0.00095   0.00087   0.12427   0.14677   0.89222   0.00249   2.16173   3.42193   1.93034   0.00000   0.10602   1.87224  
100  0.0863   7559.207209  x:  0.00000   0.00067   0.00085   0.00000   0.00087   0.00228   0.00488   0.00000   0.00000   0.00000   0.00538   0.00108   0.00077   0.12361   0.14614   0.89367   0.00236   2.14896   3.43256   1.96522   0.00000   0.11184   1.86983  
101  0.2297   7558.857262  x:  0.00000   0.00087   0.00086   0.00000   0.00079   0.00253   0.00496   0.00000   0.00000   0.00000   0.00538   0.00102   0.00095   0.12127   0.14811   0.90153   0.00253   2.15475   3.66075   1.95672   0.00000   0.14911   2.13311  
102  0.2140   7558.805942  x:  0.00000   0.00092   0.00086   0.00000   0.00077   0.00259   0.00499   0.00000   0.00000   0.00000   0.00538   0.00101   0.00100   0.12066   0.14863   0.90359   0.00257   2.15627   3.72056   1.95450   0.00099   0.15888   2.20212  
103 10020.4580   7558.650321  x:  0.00000   0.00092   0.00083   0.00000   0.00087   0.00257   0.00526   0.00000   0.00000   0.00000   0.00547   0.00081   0.00089   0.12232   0.14956   0.89282   0.00256   2.18285   3.82973   1.93669   0.00130   0.18534   2.34411  
104  0.1335   7558.566919  x:  0.00000   0.00086   0.00084   0.00000   0.00088   0.00260   0.00518   0.00000   0.00000   0.00000   0.00534   0.00087   0.00093   0.12324   0.14883   0.88337   0.00255   2.17185   3.77818   1.90768   0.00117   0.19021   2.30933  
105  0.0543   7558.475512  x:  0.00000   0.00080   0.00087   0.00000   0.00085   0.00255   0.00508   0.00000   0.00000   0.00000   0.00518   0.00092   0.00095   0.12282   0.14946   0.89621   0.00256   2.17204   3.94481   1.92347   0.00182   0.22630   2.54228  
106  0.1800   7558.389188  x:  0.00000   0.00087   0.00083   0.00000   0.00078   0.00238   0.00512   0.00000   0.00000   0.00000   0.00555   0.00084   0.00083   0.12153   0.15126   0.90788   0.00250   2.17471   4.08604   1.93295   0.00326   0.26342   2.78999  
107  0.1374   7558.285872  x:  0.00000   0.00087   0.00082   0.00000   0.00085   0.00264   0.00505   0.00000   0.00000   0.00000   0.00560   0.00085   0.00089   0.12047   0.15361   0.90628   0.00252   2.16596   4.32538   1.92135   0.00543   0.32751   3.19709  
108  0.3138   7558.141832  x:  0.00000   0.00083   0.00088   0.00000   0.00095   0.00278   0.00523   0.00000   0.00000   0.00000   0.00515   0.00093   0.00102   0.12022   0.15395   0.89533   0.00260   2.16824   4.43322   1.86238   0.00728   0.39325   3.55490  
109  0.2139   7558.004118  x:  0.00000   0.00087   0.00085   0.00000   0.00082   0.00246   0.00517   0.00000   0.00000   0.00000   0.00531   0.00089   0.00093   0.12214   0.15375   0.90691   0.00255   2.17169   4.57635   1.80275   0.00875   0.47593   4.02187  
110  0.2427   7557.957961  x:  0.00000   0.00087   0.00084   0.00000   0.00080   0.00241   0.00510   0.00000   0.00000   0.00000   0.00538   0.00088   0.00089   0.12303   0.15328   0.91061   0.00252   2.17277   4.52473   1.79813   0.00827   0.47749   4.02104  
111  0.1660   7557.894897  x:  0.00000   0.00080   0.00084   0.00000   0.00086   0.00255   0.00502   0.00000   0.00000   0.00000   0.00542   0.00088   0.00087   0.12283   0.15575   0.92523   0.00251   2.17979   4.59936   1.77939   0.00945   0.53555   4.38662  
112  0.3125   7557.868412  x:  0.00000   0.00086   0.00087   0.00000   0.00086   0.00258   0.00521   0.00000   0.00000   0.00000   0.00537   0.00090   0.00093   0.12174   0.15835   0.92595   0.00255   2.17962   4.64649   1.78319   0.00973   0.57549   4.64355  
113  0.1481   7557.849713  x:  0.00000   0.00086   0.00083   0.00000   0.00086   0.00258   0.00513   0.00000   0.00000   0.00000   0.00539   0.00088   0.00090   0.12346   0.15677   0.92619   0.00257   2.17824   4.70980   1.86187   0.00968   0.59523   4.85719  
114  0.0767   7557.837778  x:  0.00000   0.00086   0.00085   0.00000   0.00084   0.00254   0.00511   0.00000   0.00000   0.00000   0.00540   0.00087   0.00090   0.12337   0.15679   0.92577   0.00254   2.17711   4.79781   1.91340   0.01010   0.62190   5.09900  
115  0.1930   7557.827338  x:  0.00000   0.00085   0.00087   0.00000   0.00084   0.00252   0.00515   0.00000   0.00000   0.00000   0.00536   0.00088   0.00093   0.12186   0.15707   0.91972   0.00252   2.17538   4.82347   1.97537   0.00988   0.60886   5.11493  
116  0.0433   7557.811901  x:  0.00000   0.00085   0.00080   0.00000   0.00085   0.00258   0.00514   0.00000   0.00000   0.00000   0.00537   0.00090   0.00089   0.12115   0.15743   0.91680   0.00260   2.17255   4.85312   2.01293   0.00973   0.59591   5.18152  
117  0.0216   7557.735429  x:  0.00000   0.00089   0.00095   0.00000   0.00088   0.00261   0.00521   0.00000   0.00000   0.00000   0.00541   0.00079   0.00088   0.12407   0.15843   0.94112   0.00249   2.18008   4.87985   2.11649   0.00891   0.54284   5.83367  
118  0.0829   7557.595557  x:  0.00000   0.00091   0.00081   0.00000   0.00081   0.00256   0.00514   0.00000   0.00000   0.00000   0.00544   0.00093   0.00097   0.12538   0.16347   0.95500   0.00255   2.17390   4.81003   2.02062   0.00940   0.58042   6.60496  
119  0.2876   7557.477055  x:  0.00000   0.00081   0.00089   0.00000   0.00090   0.00254   0.00523   0.00000   0.00000   0.00000   0.00539   0.00090   0.00088   0.12864   0.17040   0.98646   0.00263   2.18961   4.91631   2.16021   0.00907   0.56244   8.80623  
120  0.7384   7557.438824  x:  0.00000   0.00085   0.00084   0.00000   0.00085   0.00257   0.00520   0.00000   0.00000   0.00000   0.00544   0.00087   0.00092   0.13174   0.17196   1.00203   0.00248   2.17789   4.99164   2.17771   0.00963   0.61266  10.06785  
121  0.7889   7557.430817  x:  0.00000   0.00086   0.00084   0.00000   0.00085   0.00257   0.00520   0.00000   0.00000   0.00000   0.00545   0.00087   0.00092   0.13240   0.17210   1.00481   0.00250   2.17691   4.96718   2.15178   0.00963   0.60877  10.30027  
122  0.4865   7557.421750  x:  0.00000   0.00085   0.00085   0.00000   0.00085   0.00254   0.00521   0.00000   0.00000   0.00000   0.00543   0.00090   0.00091   0.13376   0.17340   1.01330   0.00259   2.18122   5.02284   2.20441   0.00973   0.61984  11.23782  
123  0.7680   7557.419936  x:  0.00000   0.00085   0.00085   0.00000   0.00086   0.00255   0.00522   0.00000   0.00000   0.00000   0.00542   0.00089   0.00091   0.13404   0.17376   1.01416   0.00253   2.18066   5.03868   2.22390   0.00969   0.61867  11.54206  
124  0.2314   7557.419720  x:  0.00000   0.00085   0.00085   0.00000   0.00085   0.00255   0.00520   0.00000   0.00000   0.00000   0.00543   0.00089   0.00091   0.13394   0.17361   1.01320   0.00254   2.17976   5.04479   2.22641   0.00972   0.62140  11.58024  
125  0.0271   7557.419676  x:  0.00000   0.00085   0.00085   0.00000   0.00085   0.00255   0.00521   0.00000   0.00000   0.00000   0.00542   0.00089   0.00091   0.13382   0.17345   1.01252   0.00254   2.18021   5.04751   2.22939   0.00972   0.62167  11.56567  
126  0.0108   7557.419673  x:  0.00000   0.00085   0.00085   0.00000   0.00085   0.00255   0.00521   0.00000   0.00000   0.00000   0.00542   0.00089   0.00091   0.13380   0.17342   1.01233   0.00254   2.18016   5.04752   2.22942   0.00972   0.62161  11.55417  
127  0.0134   7557.419673  x:  0.00000   0.00085   0.00085   0.00000   0.00085   0.00255   0.00520   0.00000   0.00000   0.00000   0.00542   0.00089   0.00091   0.13378   0.17340   1.01223   0.00254   2.18015   5.04739   2.22927   0.00972   0.62156  11.54606  
128  0.0061   7557.419673  x:  0.00000   0.00085   0.00085   0.00000   0.00085   0.00255   0.00520   0.00000   0.00000   0.00000   0.00542   0.00089   0.00091   0.13378   0.17340   1.01224   0.00254   2.18015   5.04741   2.22930   0.00972   0.62156  11.54704  
129  0.0019   7557.419673  x:  0.00000   0.00085   0.00085   0.00000   0.00085   0.00255   0.00520   0.00000   0.00000   0.00000   0.00542   0.00089   0.00091   0.13378   0.17340   1.01224   0.00254   2.18015   5.04742   2.22930   0.00972   0.62157  11.54728  
130  0.0009   7557.419673  x:  0.00000   0.00085   0.00085   0.00000   0.00085   0.00255   0.00520   0.00000   0.00000   0.00000   0.00542   0.00089   0.00091   0.13378   0.17340   1.01224   0.00254   2.18015   5.04742   2.22930   0.00972   0.62157  11.54732  
131  0.0007   7557.419673  x:  0.00000   0.00085   0.00085   0.00000   0.00085   0.00255   0.00520   0.00000   0.00000   0.00000   0.00542   0.00089   0.00091   0.13378   0.17340   1.01224   0.00254   2.18015   5.04742   2.22930   0.00972   0.62157  11.54735  
132  0.0006   7557.419673  x:  0.00000   0.00085   0.00085   0.00000   0.00085   0.00255   0.00520   0.00000   0.00000   0.00000   0.00542   0.00089   0.00091   0.13378   0.17340   1.01224   0.00254   2.18015   5.04742   2.22930   0.00972   0.62157  11.54735  
133  0.0006   7557.419673  x:  0.00000   0.00085   0.00085   0.00000   0.00085   0.00255   0.00520   0.00000   0.00000   0.00000   0.00542   0.00089   0.00091   0.13378   0.17340   1.01224   0.00254   2.18015   5.04742   2.22930   0.00972   0.62157  11.54735  
134  0.0489   7557.419673  x:  0.00000   0.00085   0.00085   0.00000   0.00085   0.00255   0.00520   0.00000   0.00000   0.00000   0.00542   0.00089   0.00091   0.13378   0.17340   1.01224   0.00254   2.18015   5.04742   2.22930   0.00972   0.62157  11.54735  
135  0.0135   7557.419673  x:  0.00000   0.00085   0.00085   0.00000   0.00085   0.00255   0.00520   0.00000   0.00000   0.00000   0.00542   0.00089   0.00091   0.13378   0.17340   1.01224   0.00254   2.18015   5.04742   2.22930   0.00972   0.62157  11.54735  
check convergence!
