

TREE # 1

  0  0.0000   9876.454542  x:  0.10979   0.06149   0.10767   0.01746   0.06514   0.09498   0.05100   0.02777   0.09853   0.02551   0.03103   0.05928   0.06642   0.10148   0.08056   0.02311   0.01912   2.00000   0.90000   0.78029   1.16311   1.05000  
  1 99.0000   8629.655928  x:  0.09259   0.04438   0.09063   0.00000   0.04810   0.07831   0.03558   0.01029   0.08129   0.00985   0.01739   0.04309   0.05043   0.11344   0.10396   0.34454   0.00432   2.00024   0.90765   0.77449   1.16619   1.04971  
  2 18668.4749   8522.701572  x:  0.08247   0.03438   0.08061   0.00000   0.03812   0.06857   0.02710   0.00000   0.07114   0.00093   0.01075   0.03363   0.04108   0.11529   0.10782   0.34399   0.00154   2.00041   0.91201   0.77077   1.16806   1.04967  
  3 3304.4063   8512.155214  x:  0.08135   0.03328   0.07951   0.00000   0.03703   0.06750   0.02618   0.00000   0.07002   0.00000   0.01010   0.03259   0.04005   0.11548   0.10823   0.34395   0.00166   2.00043   0.91249   0.77036   1.16827   1.04966  
  4 194012.1516   8239.668058  x:  0.04732   0.00000   0.04591   0.00000   0.00383   0.03505   0.00068   0.00000   0.03589   0.00000   0.00610   0.00134   0.00897   0.11956   0.11809   0.34282   0.00203   2.00107   0.92747   0.75903   1.17422   1.04914  
  5 105629.1392   8239.668058  x:  0.04732   0.00000   0.04591   0.00000   0.00383   0.03505   0.00068   0.00000   0.03589   0.00000   0.00610   0.00134   0.00897   0.11956   0.11809   0.34282   0.00203   2.00107   0.92747   0.75903   1.17422   1.04914  
  6 21191.4547   8224.390738  x:  0.04478   0.00206   0.04342   0.00000   0.00201   0.03268   0.01852   0.00000   0.03328   0.00000   0.00601   0.00066   0.00679   0.11970   0.11857   0.34418   0.00309   2.00112   0.92863   0.75827   1.17464   1.04908  
  7 7730.6546   8206.805918  x:  0.04126   0.00036   0.03998   0.00000   0.00000   0.02944   0.01894   0.00000   0.02974   0.00000   0.00596   0.00198   0.00393   0.11988   0.11921   0.34603   0.00297   2.00119   0.93022   0.75723   1.17522   1.04900  
  8 2838.0492   8202.575309  x:  0.04045   0.00000   0.03918   0.00000   0.00005   0.02870   0.01903   0.00000   0.02892   0.00000   0.00595   0.00224   0.00327   0.11992   0.11936   0.34645   0.00294   2.00120   0.93058   0.75699   1.17535   1.04898  
  9 35125.3683   8183.711970  x:  0.03644   0.00046   0.03526   0.00000   0.00011   0.02501   0.01902   0.00000   0.02486   0.00000   0.00590   0.00295   0.00014   0.12012   0.12009   0.34855   0.00281   2.00128   0.93240   0.75580   1.17601   1.04889  
 10 36713.8273   8074.845380  x:  0.01190   0.00177   0.01128   0.00000   0.00032   0.00250   0.01918   0.00000   0.00000   0.00000   0.00562   0.00594   0.00044   0.12134   0.12450   0.36134   0.00218   2.00176   0.94351   0.74852   1.18002   1.04831  
 11 17865.3639   8060.844748  x:  0.00562   0.00124   0.00535   0.00000   0.00021   0.00034   0.01903   0.00000   0.00000   0.00000   0.00567   0.00376   0.00022   0.12152   0.12539   0.36429   0.00315   2.00188   0.94634   0.74670   1.18103   1.04818  
 12 9959.8161   8048.855423  x:  0.00038   0.00130   0.00034   0.00000   0.00020   0.00041   0.01903   0.00000   0.00000   0.00000   0.00565   0.00367   0.00021   0.12173   0.12625   0.36692   0.00315   2.00198   0.94871   0.74516   1.18188   1.04806  
 13 16804.4698   8048.218461  x:  0.00000   0.00131   0.00034   0.00000   0.00020   0.00041   0.01903   0.00000   0.00000   0.00000   0.00564   0.00366   0.00021   0.12175   0.12631   0.36711   0.00315   2.00199   0.94888   0.74505   1.18194   1.04805  
 14 3651.2194   8004.059375  x:  0.00000   0.00374   0.00065   0.00000   0.00049   0.00096   0.01833   0.00000   0.00000   0.00000   0.00731   0.00986   0.00056   0.12397   0.13953   0.41618   0.01849   2.00415   0.99999   0.71108   1.20037   1.04625  
 15 12684.3870   7991.702214  x:  0.00000   0.00447   0.00056   0.00000   0.00055   0.00090   0.01834   0.00000   0.00000   0.00000   0.00161   0.01136   0.00062   0.11931   0.13401   0.43169   0.01946   2.00575   0.99999   0.67975   1.21563   1.04760  
 16 1109.3689   7976.249062  x:  0.00000   0.00548   0.00040   0.00000   0.00064   0.00076   0.01845   0.00000   0.00000   0.00292   0.00014   0.01339   0.00071   0.11224   0.12528   0.45361   0.01958   2.00810   0.99999   0.63306   1.23827   1.04973  
 17 22454.6107   7927.880132  x:  0.00000   0.00778   0.00000   0.00000   0.00082   0.00042   0.01875   0.00000   0.00000   0.00353   0.00038   0.01792   0.00089   0.09595   0.10496   0.50325   0.01919   2.01348   0.99999   0.52634   1.29001   1.05464  
 18 150917.1365   7927.880132  x:  0.00000   0.00778   0.00000   0.00000   0.00082   0.00042   0.01875   0.00000   0.00000   0.00353   0.00038   0.01792   0.00089   0.09595   0.10496   0.50325   0.01919   2.01348   0.99999   0.52634   1.29001   1.05464  
 19 2598.9945   7922.948658  x:  0.00000   0.00778   0.00146   0.00000   0.00083   0.00046   0.01875   0.00000   0.00000   0.00353   0.00043   0.01791   0.00089   0.09595   0.10496   0.50325   0.01918   2.01348   0.99999   0.52633   1.29001   1.05464  
 20 234570.2411   7911.447004  x:  0.00000   0.00700   0.00144   0.00000   0.00097   0.00491   0.01814   0.00000   0.00000   0.00327   0.00628   0.01712   0.00101   0.09618   0.10524   0.50339   0.01843   2.01349   0.99999   0.52595   1.29014   1.05464  
 21 9116.7696   7893.855881  x:  0.00000   0.00287   0.00144   0.00000   0.00081   0.00419   0.01487   0.00000   0.00000   0.00000   0.00704   0.01286   0.00097   0.09738   0.10673   0.50415   0.01441   2.01356   0.99999   0.52384   1.29085   1.05464  
 22 2148.0961   7876.322683  x:  0.00000   0.00020   0.00144   0.00000   0.00824   0.00402   0.00916   0.00000   0.00000   0.00000   0.00724   0.00249   0.00222   0.09980   0.10998   0.50590   0.00568   2.01375   0.99999   0.51839   1.29267   1.05464  
 23 5281.9145   7873.563542  x:  0.00000   0.00066   0.00144   0.00000   0.00882   0.00389   0.00797   0.00000   0.00000   0.00000   0.00739   0.00055   0.00219   0.10030   0.11064   0.50625   0.00399   2.01378   0.99999   0.51734   1.29303   1.05464  
 24 10232.4813   7871.709568  x:  0.00000   0.00089   0.00144   0.00000   0.00963   0.00410   0.00665   0.00000   0.00000   0.00000   0.00725   0.00159   0.00130   0.10121   0.11190   0.50699   0.00187   2.01387   0.99999   0.51493   1.29383   1.05464  
 25 1267.0663   7869.171013  x:  0.00000   0.00091   0.00144   0.00000   0.01010   0.00459   0.00562   0.00000   0.00000   0.00000   0.00691   0.00161   0.00027   0.10270   0.11403   0.50831   0.00253   2.01402   0.99999   0.51053   1.29529   1.05464  
 26 1389.5168   7860.723031  x:  0.00000   0.00128   0.00144   0.00000   0.01094   0.00635   0.00169   0.00000   0.00000   0.00000   0.00561   0.00250   0.00093   0.10888   0.12281   0.51377   0.00466   2.01465   0.99999   0.49235   1.30132   1.05464  
 27 12927.3038   7801.785378  x:  0.00000   0.00191   0.00144   0.00000   0.01265   0.01389   0.00620   0.00000   0.00000   0.00000   0.00048   0.00363   0.00174   0.14822   0.17875   0.54913   0.00696   2.01869   0.99999   0.37458   1.34027   1.05464  
 28 12169.8772   7695.727793  x:  0.00000   0.00448   0.00144   0.00000   0.02239   0.01012   0.01438   0.00000   0.00000   0.00000   0.00549   0.00914   0.00341   0.23233   0.29910   0.62616   0.01589   2.02753   0.99999   0.11643   1.42540   1.05464  
 29 81333.8503   7683.881167  x:  0.00000   0.00427   0.00144   0.00000   0.02157   0.01141   0.01360   0.00000   0.00000   0.00000   0.00473   0.00867   0.00327   0.22407   0.29478   0.63665   0.01516   2.02851   0.99999   0.07606   1.43486   1.05464  
 30 1135.4705   7671.240371  x:  0.00000   0.00408   0.00144   0.00000   0.02085   0.01255   0.01290   0.00000   0.00000   0.00000   0.00404   0.00825   0.00315   0.21558   0.29113   0.64920   0.01450   2.02968   0.97445   0.04092   1.44589   1.05464  
 31 1745.1030   7623.187931  x:  0.00000   0.00333   0.00143   0.00000   0.01873   0.01638   0.00905   0.00000   0.00000   0.00000   0.00156   0.00657   0.00247   0.05713   0.29104   1.08187   0.01163   2.07510   0.96519   0.05144   1.85638   1.09150  
 32 189.8247   7622.948410  x:  0.00000   0.00332   0.00143   0.00000   0.01871   0.01642   0.00901   0.00000   0.00000   0.00077   0.00153   0.00656   0.00246   0.05555   0.29101   1.08625   0.01160   2.07557   0.96510   0.05155   1.86061   1.09189  
 33 6695.3331   7613.603153  x:  0.00000   0.00277   0.00144   0.00000   0.01728   0.01607   0.00634   0.00000   0.00000   0.00178   0.00000   0.00536   0.00195   0.14055   0.15591   1.07266   0.00949   2.12235   0.95818   0.05404   2.13251   1.15154  
 34 100.9767   7613.603153  x:  0.00000   0.00277   0.00144   0.00000   0.01728   0.01607   0.00634   0.00000   0.00000   0.00178   0.00000   0.00536   0.00195   0.14055   0.15591   1.07266   0.00949   2.12235   0.95818   0.05404   2.13251   1.15154  
 35 424.9450   7600.628351  x:  0.00000   0.00267   0.00138   0.00009   0.01715   0.01595   0.00632   0.00000   0.00000   0.00205   0.00510   0.00525   0.00189   0.14054   0.15590   1.07266   0.00939   2.12235   0.95816   0.05404   2.13251   1.15154  
 36 40266.2001   7600.008399  x:  0.00000   0.00259   0.00133   0.00000   0.01703   0.01585   0.00630   0.00000   0.00000   0.00197   0.00511   0.00516   0.00183   0.14054   0.15589   1.07265   0.00930   2.12235   0.95815   0.05405   2.13251   1.15154  
 37 2405.2612   7585.655460  x:  0.00000   0.00103   0.00323   0.00000   0.01237   0.01163   0.00652   0.00000   0.00000   0.00000   0.00535   0.00174   0.00202   0.14025   0.15565   1.07250   0.00615   2.12237   0.95805   0.05411   2.13251   1.15157  
 38 7044.2442   7576.669155  x:  0.00000   0.00309   0.00288   0.00000   0.00694   0.00702   0.00670   0.00000   0.00000   0.00000   0.00551   0.00016   0.00207   0.13992   0.15537   1.07230   0.00348   2.12239   0.95822   0.05400   2.13251   1.15160  
 39 4776.9974   7570.905029  x:  0.00000   0.00393   0.00283   0.00000   0.00225   0.00304   0.00681   0.00000   0.00000   0.00000   0.00563   0.00057   0.00203   0.13963   0.15512   1.07214   0.00114   2.12241   0.95832   0.05394   2.13251   1.15163  
 40 16907.0050   7569.659678  x:  0.00000   0.00387   0.00279   0.00000   0.00079   0.00207   0.00682   0.00000   0.00000   0.00000   0.00565   0.00057   0.00199   0.13952   0.15504   1.07208   0.00168   2.12242   0.95838   0.05390   2.13252   1.15164  
 41 2737.5660   7568.566713  x:  0.00000   0.00300   0.00156   0.00000   0.00029   0.00240   0.00687   0.00000   0.00000   0.00000   0.00527   0.00048   0.00190   0.13823   0.15394   1.07133   0.00138   2.12251   0.95955   0.05317   2.13254   1.15173  
 42 145.8090   7567.733245  x:  0.00000   0.00233   0.00062   0.00000   0.00044   0.00197   0.00687   0.00000   0.00000   0.00000   0.00496   0.00042   0.00171   0.13717   0.15306   1.07072   0.00129   2.12258   0.96046   0.05261   2.13256   1.15181  
 43 3748.9593   7567.357327  x:  0.00000   0.00230   0.00071   0.00000   0.00045   0.00193   0.00645   0.00000   0.00000   0.00000   0.00482   0.00041   0.00083   0.13659   0.15257   1.07038   0.00127   2.12262   0.96085   0.05240   2.13256   1.15186  
 44 693.4180   7567.169576  x:  0.00000   0.00228   0.00072   0.00000   0.00045   0.00190   0.00511   0.00000   0.00000   0.00000   0.00475   0.00041   0.00096   0.13596   0.15203   1.06999   0.00125   2.12266   0.96089   0.05250   2.13257   1.15192  
 45 303.4643   7566.774700  x:  0.00000   0.00243   0.00059   0.00000   0.00043   0.00207   0.00523   0.00000   0.00000   0.00000   0.00471   0.00043   0.00088   0.13071   0.14754   1.06647   0.00132   2.12302   0.95864   0.05555   2.13255   1.15253  
 46 118.3344   7566.283970  x:  0.00000   0.00231   0.00077   0.00000   0.00046   0.00189   0.00540   0.00000   0.00000   0.00000   0.00496   0.00041   0.00100   0.12196   0.14049   1.05846   0.00126   2.12382   0.96152   0.05376   2.13269   1.15385  
 47 141.8229   7564.003748  x:  0.00000   0.00172   0.00076   0.00000   0.00042   0.00161   0.00528   0.00000   0.00000   0.00000   0.00608   0.00034   0.00093   0.11326   0.14978   0.95273   0.00109   2.13397   0.97461   0.06757   2.13368   1.17023  
 48 56.7144   7562.215906  x:  0.00000   0.00162   0.00068   0.00000   0.00041   0.00167   0.00516   0.00000   0.00000   0.00000   0.00682   0.00034   0.00087   0.10826   0.15656   0.86419   0.00111   2.14223   0.96741   0.06208   2.13483   1.18474  
 49 515.3128   7561.986003  x:  0.00000   0.00164   0.00070   0.00000   0.00041   0.00166   0.00518   0.00000   0.00000   0.00000   0.00658   0.00034   0.00088   0.12074   0.14345   0.84998   0.00111   2.14309   0.96843   0.06292   2.13536   1.19127  
 50 22.2483   7561.792575  x:  0.00000   0.00183   0.00077   0.00000   0.00043   0.00168   0.00532   0.00000   0.00000   0.00000   0.00535   0.00036   0.00096   0.11759   0.14602   0.83934   0.00115   2.14236   0.96994   0.06397   2.13747   1.21519  
 51  6.0806   7559.936170  x:  0.00000   0.00135   0.00062   0.00000   0.00053   0.00265   0.00507   0.00000   0.00000   0.00000   0.00583   0.00049   0.00088   0.12092   0.14653   0.85931   0.00166   2.11814   0.98093   0.07014   2.18182   1.70691  
 52  7.6097   7559.574886  x:  0.00000   0.00088   0.00071   0.00000   0.00056   0.00266   0.00511   0.00000   0.00000   0.00000   0.00565   0.00050   0.00092   0.12239   0.14657   0.87803   0.00176   2.25960   0.97983   0.06944   2.15912   1.75684  
 53  1.4179   7559.301027  x:  0.00000   0.00053   0.00082   0.00000   0.00060   0.00258   0.00516   0.00000   0.00000   0.00000   0.00562   0.00052   0.00095   0.12259   0.14703   0.87580   0.00187   2.18064   0.97888   0.06902   2.12078   1.78345  
 54  0.9344   7558.923588  x:  0.00000   0.00094   0.00103   0.00000   0.00069   0.00234   0.00522   0.00000   0.00000   0.00000   0.00564   0.00062   0.00099   0.12442   0.14824   0.88921   0.00213   2.14744   0.97758   0.06848   2.02796   1.94086  
 55  0.8298   7558.679944  x:  0.00000   0.00089   0.00083   0.00000   0.00077   0.00251   0.00494   0.00000   0.00000   0.00000   0.00524   0.00082   0.00079   0.12160   0.14715   0.88765   0.00258   2.17628   0.97881   0.06598   1.94478   2.07253  
 56  0.1333   7558.583426  x:  0.00000   0.00086   0.00084   0.00000   0.00082   0.00242   0.00508   0.00000   0.00000   0.00000   0.00515   0.00088   0.00087   0.12209   0.14832   0.89479   0.00267   2.18559   0.98173   0.06688   1.85283   2.27544  
 57  0.4905   7558.496389  x:  0.00000   0.00084   0.00084   0.00000   0.00092   0.00271   0.00531   0.00000   0.00000   0.00000   0.00555   0.00096   0.00106   0.12229   0.15075   0.89535   0.00272   2.17143   0.98271   0.06393   1.70871   2.49615  
 58  0.2016   7558.362754  x:  0.00000   0.00082   0.00084   0.00000   0.00098   0.00250   0.00525   0.00000   0.00000   0.00000   0.00534   0.00102   0.00093   0.12415   0.15358   0.91295   0.00263   2.15823   0.98548   0.05728   1.39553   3.00080  
 59  0.2982   7558.313588  x:  0.00000   0.00083   0.00085   0.00000   0.00098   0.00239   0.00522   0.00000   0.00000   0.00000   0.00527   0.00102   0.00089   0.12445   0.15431   0.91807   0.00255   2.16097   0.98555   0.05591   1.39948   3.15886  
 60  0.3337   7558.249491  x:  0.00000   0.00084   0.00085   0.00000   0.00098   0.00243   0.00512   0.00000   0.00000   0.00000   0.00529   0.00102   0.00087   0.12380   0.15524   0.92182   0.00247   2.17484   0.98617   0.05070   1.19979   3.43519  
 61  0.5613   7558.196835  x:  0.00000   0.00086   0.00088   0.00000   0.00097   0.00251   0.00509   0.00000   0.00000   0.00000   0.00541   0.00101   0.00089   0.12276   0.15629   0.92367   0.00242   2.18824   0.98804   0.04958   1.13276   3.79239  
 62  0.4114   7558.155111  x:  0.00000   0.00088   0.00089   0.00000   0.00091   0.00260   0.00512   0.00000   0.00000   0.00000   0.00547   0.00095   0.00093   0.12172   0.15609   0.91902   0.00242   2.19122   0.98805   0.05154   1.20357   3.92254  
 63  0.2141   7558.101739  x:  0.00000   0.00087   0.00083   0.00000   0.00082   0.00253   0.00527   0.00000   0.00000   0.00000   0.00535   0.00090   0.00095   0.12220   0.15782   0.92571   0.00246   2.17519   0.98921   0.04940   1.09642   4.49200  
 64  0.3803   7558.069575  x:  0.00000   0.00085   0.00087   0.00000   0.00080   0.00253   0.00511   0.00000   0.00000   0.00000   0.00537   0.00085   0.00087   0.12468   0.15978   0.94059   0.00254   2.17572   0.98931   0.05003   1.11862   4.91897  
 65  0.2333   7558.060207  x:  0.00000   0.00085   0.00086   0.00000   0.00082   0.00258   0.00516   0.00000   0.00000   0.00000   0.00539   0.00086   0.00092   0.12510   0.16134   0.94883   0.00259   2.18413   0.98944   0.04900   1.07887   5.19336  
 66  0.1968   7558.056724  x:  0.00000   0.00085   0.00085   0.00000   0.00085   0.00257   0.00522   0.00000   0.00000   0.00000   0.00541   0.00087   0.00092   0.12506   0.16230   0.95146   0.00259   2.18131   0.98964   0.04941   1.08805   5.37136  
 67  0.1018   7558.055627  x:  0.00000   0.00086   0.00085   0.00000   0.00086   0.00257   0.00519   0.00000   0.00000   0.00000   0.00541   0.00088   0.00091   0.12516   0.16239   0.95177   0.00257   2.18009   0.98963   0.04928   1.08302   5.43337  
 68  0.0624   7558.055181  x:  0.00000   0.00086   0.00085   0.00000   0.00086   0.00256   0.00517   0.00000   0.00000   0.00000   0.00540   0.00088   0.00091   0.12528   0.16244   0.95244   0.00256   2.18036   0.98977   0.04907   1.07427   5.49988  
 69  0.1116   7558.055039  x:  0.00000   0.00085   0.00085   0.00000   0.00086   0.00256   0.00517   0.00000   0.00000   0.00000   0.00539   0.00088   0.00091   0.12536   0.16232   0.95253   0.00255   2.18142   0.98979   0.04905   1.07445   5.51696  
 70  0.0163   7558.055002  x:  0.00000   0.00085   0.00085   0.00000   0.00086   0.00256   0.00518   0.00000   0.00000   0.00000   0.00539   0.00088   0.00091   0.12537   0.16235   0.95248   0.00255   2.18117   0.98981   0.04902   1.07325   5.52830  
 71  0.0070   7558.054996  x:  0.00000   0.00085   0.00085   0.00000   0.00086   0.00256   0.00518   0.00000   0.00000   0.00000   0.00539   0.00089   0.00091   0.12537   0.16238   0.95257   0.00255   2.18104   0.98980   0.04903   1.07342   5.52919  
 72  0.0007   7558.054995  x:  0.00000   0.00085   0.00085   0.00000   0.00086   0.00256   0.00518   0.00000   0.00000   0.00000   0.00539   0.00089   0.00091   0.12537   0.16239   0.95262   0.00255   2.18110   0.98980   0.04903   1.07352   5.52904  