

Model 0: one-ratio

TREE # 1

  0  0.0000   5764.685910  x:  0.10041   0.04270   0.04862   0.06946   0.04321   0.05461   0.07981   0.10308   0.02517   2.00000   1.00000  
  1 99.0000   5509.664687  x:  0.07568   0.01800   0.02394   0.04711   0.02002   0.03151   0.05666   0.07823   0.00000   2.00004   0.99992  
  2 3554.3236   5315.477516  x:  0.02229   0.01491   0.00063   0.05374   0.01152   0.00000   0.06379   0.01843   0.00000   1.99846   1.00246  
  3 4009.2021   5310.894442  x:  0.02078   0.01474   0.00000   0.05384   0.01123   0.00006   0.06390   0.01675   0.00000   1.99842   1.00253  
  4 14511.5301   5266.184584  x:  0.00579   0.01229   0.00017   0.05397   0.00767   0.00011   0.06406   0.00000   0.00000   1.99803   1.00316  
  5 25284.9786   5259.020508  x:  0.00296   0.00530   0.00008   0.05066   0.01546   0.00000   0.06268   0.00000   0.00000   1.99602   1.00652  
  6 258.8545   5259.020508  x:  0.00296   0.00530   0.00008   0.05066   0.01546   0.00000   0.06268   0.00000   0.00000   1.99602   1.00652  
  7 262.7147   5256.713314  x:  0.00250   0.00477   0.00033   0.05013   0.01493   0.00316   0.06212   0.00000   0.00000   1.99602   1.00652  
  8 6659.4461   5244.154538  x:  0.00016   0.00192   0.00044   0.04723   0.01194   0.00315   0.05909   0.00000   0.00000   1.99602   1.00652  
  9 2645.8759   5237.785119  x:  0.00026   0.00020   0.00050   0.04539   0.01004   0.00317   0.05717   0.00000   0.00000   1.99602   1.00652  
 10 13725.4881   5211.515826  x:  0.00030   0.00027   0.00065   0.03562   0.00000   0.00328   0.04695   0.00000   0.00000   1.99602   1.00651  
 11 8522.4232   5151.094408  x:  0.00035   0.00035   0.00113   0.00261   0.00002   0.00336   0.01244   0.00000   0.00000   1.99602   1.00649  
 12 4581.3173   5148.679680  x:  0.00034   0.00034   0.00029   0.00349   0.00002   0.00342   0.00817   0.00000   0.00000   1.99602   1.00649  
 13 1236.3331   5147.598481  x:  0.00034   0.00035   0.00075   0.00420   0.00002   0.00339   0.00543   0.00000   0.00000   1.99602   1.00649  
 14 6613.2796   5146.982658  x:  0.00036   0.00036   0.00085   0.00545   0.00006   0.00337   0.00670   0.00000   0.00000   1.99471   1.00679  
 15  0.2286   5146.690237  x:  0.00061   0.00066   0.00086   0.00560   0.00005   0.00328   0.00696   0.00000   0.00000   1.94106   1.04462  
 16  0.2587   5146.690237  x:  0.00061   0.00066   0.00086   0.00560   0.00005   0.00328   0.00696   0.00000   0.00000   1.94106   1.04462  
 17  3.0749   5144.728606  x:  0.00063   0.00067   0.00086   0.00559   0.00090   0.00324   0.00694   0.00000   0.00000   1.94106   1.04462  
 18 19238.6175   5143.368822  x:  0.00146   0.00126   0.00063   0.00488   0.00089   0.00115   0.00637   0.00000   0.00000   1.94106   1.04462  
 19 1037.2179   5143.127915  x:  0.00129   0.00111   0.00077   0.00468   0.00090   0.00065   0.00619   0.00000   0.00000   1.94106   1.04462  
 20 1158.9238   5143.050459  x:  0.00117   0.00104   0.00058   0.00433   0.00090   0.00063   0.00589   0.00000   0.00000   1.94106   1.04462  
 21 340.0386   5142.993441  x:  0.00116   0.00106   0.00069   0.00395   0.00090   0.00072   0.00554   0.00000   0.00000   1.94106   1.04462  
 22 522.2085   5142.991717  x:  0.00117   0.00104   0.00069   0.00401   0.00090   0.00072   0.00545   0.00000   0.00000   1.94106   1.04462  
 23 32.1055   5142.991589  x:  0.00116   0.00106   0.00069   0.00402   0.00090   0.00072   0.00544   0.00000   0.00000   1.94106   1.04462  
 24 15.0994   5142.822602  x:  0.00077   0.00081   0.00074   0.00417   0.00090   0.00081   0.00558   0.00000   0.00000   1.84135   1.14161  
 25  0.2448   5142.816369  x:  0.00081   0.00079   0.00078   0.00422   0.00089   0.00085   0.00562   0.00000   0.00000   1.80435   1.09935  
 26  0.0694   5142.815689  x:  0.00080   0.00080   0.00079   0.00421   0.00089   0.00086   0.00562   0.00000   0.00000   1.79677   1.10654  
 27  0.0123   5142.815449  x:  0.00080   0.00080   0.00080   0.00420   0.00089   0.00086   0.00561   0.00000   0.00000   1.80451   1.10635  
 28  0.0059   5142.815118  x:  0.00081   0.00080   0.00080   0.00420   0.00087   0.00086   0.00561   0.00000   0.00000   1.80510   1.11451  
 29  0.0025   5142.814534  x:  0.00080   0.00081   0.00080   0.00420   0.00085   0.00086   0.00562   0.00000   0.00000   1.80410   1.10341  
 30  0.0077   5142.814441  x:  0.00080   0.00080   0.00080   0.00421   0.00085   0.00085   0.00561   0.00000   0.00000   1.80068   1.10760  
 31  0.0051   5142.814441  x:  0.00080   0.00080   0.00080   0.00421   0.00085   0.00086   0.00561   0.00000   0.00000   1.80120   1.10739  
 32  0.0019   5142.814441  x:  0.00080   0.00080   0.00080   0.00421   0.00085   0.00086   0.00561   0.00000   0.00000   1.80120   1.10739  

Model 1: NearlyNeutral

TREE # 1

  0  0.0000   5718.164625  x:  0.04989   0.06795   0.03857   0.07949   0.09581   0.04480   0.04640   0.10677   0.02374   1.80120   0.55636   0.34110  
  1 99.0000   5497.965598  x:  0.02658   0.04460   0.01539   0.05845   0.07396   0.02313   0.02585   0.08335   0.00000   1.80119   0.55683   0.33862  
  2 3235.4830   5384.106003  x:  0.01257   0.03129   0.00000   0.04543   0.06182   0.00989   0.00612   0.07056   0.00000   1.80116   0.55802   0.33182  
  3 60099.0745   5365.866115  x:  0.00888   0.02777   0.00070   0.04195   0.05861   0.00636   0.00120   0.06718   0.00000   1.80115   0.55837   0.32981  
  4 13886.8367   5331.506334  x:  0.00246   0.02254   0.00081   0.03517   0.05431   0.00000   0.00135   0.06301   0.00000   1.80110   0.56035   0.31817  
  5 4838.8285   5321.322283  x:  0.00018   0.02025   0.00084   0.03245   0.05240   0.00039   0.00137   0.06109   0.00000   1.80108   0.56106   0.31403  
  6 10713.9188   5244.231279  x:  0.00026   0.00000   0.00090   0.00936   0.03511   0.00099   0.00136   0.04348   0.00000   1.80094   0.56638   0.28283  
  7 13223.6603   5227.439118  x:  0.00028   0.00002   0.00091   0.00154   0.02864   0.00118   0.00136   0.03677   0.00000   1.80091   0.56779   0.27460  
  8 8576.0168   5167.143492  x:  0.00025   0.00001   0.00086   0.00134   0.00000   0.00132   0.00128   0.00670   0.00000   1.80078   0.57290   0.24472  
  9 4629.8966   5167.143492  x:  0.00025   0.00001   0.00086   0.00134   0.00000   0.00132   0.00128   0.00670   0.00000   1.80078   0.57290   0.24472  
 10 2882.7605   5159.764668  x:  0.00027   0.00045   0.00086   0.00136   0.00139   0.00132   0.00130   0.00669   0.00000   1.80078   0.57290   0.24472  
 11 241341.7455   5151.662520  x:  0.00255   0.00140   0.00078   0.00368   0.00109   0.00094   0.00514   0.00554   0.00000   1.80078   0.57289   0.24472  
 12 5676.9932   5145.879588  x:  0.00042   0.00033   0.00085   0.00489   0.00142   0.00051   0.00658   0.00122   0.00000   1.80078   0.57288   0.24472  
 13 1643.3498   5144.754867  x:  0.00015   0.00052   0.00085   0.00500   0.00136   0.00064   0.00667   0.00000   0.00000   1.80078   0.57288   0.24473  
 14 4820.7565   5144.751923  x:  0.00015   0.00051   0.00085   0.00504   0.00136   0.00069   0.00666   0.00000   0.00000   1.80078   0.57288   0.24473  
 15 103.2536   5144.745131  x:  0.00015   0.00052   0.00086   0.00525   0.00136   0.00068   0.00652   0.00000   0.00000   1.80077   0.57287   0.24474  
 16 73.2572   5144.744993  x:  0.00015   0.00052   0.00084   0.00526   0.00136   0.00068   0.00652   0.00000   0.00000   1.80077   0.57286   0.24474  
 17 16.7898   5143.756547  x:  0.00038   0.00118   0.00073   0.00408   0.00116   0.00106   0.00721   0.00000   0.00000   1.79156   0.46554   0.32845  
 18  4.1999   5143.405758  x:  0.00032   0.00092   0.00078   0.00462   0.00124   0.00089   0.00676   0.00000   0.00000   1.75322   0.09312   0.59885  
 19  1.8697   5143.095151  x:  0.00046   0.00093   0.00081   0.00454   0.00123   0.00083   0.00617   0.00000   0.00000   1.79437   0.00001   0.53293  
 20  0.0854   5142.937753  x:  0.00067   0.00091   0.00080   0.00412   0.00123   0.00080   0.00539   0.00000   0.00000   1.76514   0.00001   0.39605  
 21  0.1010   5142.919238  x:  0.00073   0.00090   0.00080   0.00414   0.00122   0.00093   0.00557   0.00000   0.00000   1.81615   0.00001   0.36227  
 22  0.0196   5142.908137  x:  0.00080   0.00085   0.00079   0.00421   0.00123   0.00089   0.00559   0.00000   0.00000   1.74063   0.00001   0.32715  
 23  0.0353   5142.903848  x:  0.00083   0.00085   0.00080   0.00422   0.00122   0.00085   0.00562   0.00000   0.00000   1.79697   0.00001   0.31334  
 24  0.0363   5142.900476  x:  0.00084   0.00090   0.00080   0.00423   0.00119   0.00084   0.00568   0.00000   0.00000   1.77660   0.00001   0.29830  
 25  0.0084   5142.883749  x:  0.00085   0.00091   0.00079   0.00426   0.00113   0.00084   0.00558   0.00000   0.00000   1.77845   0.00001   0.28955  
 26  0.0011   5142.838606  x:  0.00086   0.00086   0.00078   0.00421   0.00087   0.00085   0.00541   0.00000   0.00000   1.77524   0.00001   0.27589  
 27  0.0133   5142.827512  x:  0.00081   0.00078   0.00079   0.00420   0.00085   0.00086   0.00558   0.00000   0.00000   1.78166   0.00001   0.31668  
 28  0.0251   5142.827122  x:  0.00080   0.00080   0.00080   0.00421   0.00085   0.00086   0.00562   0.00000   0.00000   1.77984   0.00001   0.31927  
 29  0.0034   5142.827110  x:  0.00080   0.00080   0.00080   0.00421   0.00085   0.00085   0.00562   0.00000   0.00000   1.77952   0.00001   0.32079  
 30  0.0009   5142.827110  x:  0.00080   0.00080   0.00080   0.00421   0.00085   0.00085   0.00562   0.00000   0.00000   1.77955   0.00001   0.32065  

Model 2: PositiveSelection

TREE # 1

  0  0.0000   5606.634691  x:  0.04381   0.06007   0.05107   0.10154   0.05149   0.03599   0.08298   0.01542   0.01383   1.77955   1.44470   0.44921   0.39361   1.11968  
  1 99.0000   5473.932409  x:  0.03029   0.04652   0.03757   0.08919   0.03880   0.02343   0.07035   0.00159   0.00000   1.77955   1.44471   0.44919   0.39270   1.11987  
  2 3335.2711   5444.071194  x:  0.02637   0.04381   0.03447   0.08629   0.03587   0.01869   0.06557   0.00000   0.00000   1.77952   1.44480   0.44902   0.38416   1.12166  
  3 4825.8027   5289.401877  x:  0.00651   0.00474   0.00000   0.05245   0.00360   0.04406   0.05862   0.00000   0.00000   1.77901   1.44542   0.44806   0.34284   1.12958  
  4 2420.1058   5279.795984  x:  0.00425   0.00060   0.00112   0.04855   0.00042   0.04607   0.05757   0.00000   0.00000   1.77896   1.44547   0.44799   0.34003   1.13009  
  5 5312.5458   5276.859367  x:  0.00280   0.00011   0.00125   0.04595   0.00098   0.04690   0.05676   0.00000   0.00000   1.77894   1.44549   0.44798   0.33963   1.13014  
  6 2167.2552   5271.397399  x:  0.00033   0.00019   0.00149   0.04153   0.00117   0.04834   0.05539   0.00000   0.00000   1.77890   1.44551   0.44795   0.33908   1.13019  
  7 28170.8875   5231.945008  x:  0.00058   0.00025   0.00239   0.00364   0.00151   0.05472   0.04077   0.00000   0.00000   1.77860   1.44568   0.44780   0.33677   1.13017  
  8 4863.6378   5206.749061  x:  0.00052   0.00022   0.00238   0.00429   0.00127   0.05813   0.00628   0.00000   0.00000   1.77808   1.44576   0.44797   0.35651   1.12505  
  9 558.0230   5155.132552  x:  0.00008   0.00000   0.00026   0.00247   0.00002   0.00418   0.00551   0.00000   0.00000   1.77650   1.44588   0.44865   0.42298   1.10822  
 10 506.5373   5152.284875  x:  0.00008   0.00001   0.00024   0.00242   0.00003   0.00084   0.00545   0.00000   0.00000   1.77636   1.44716   0.44793   0.42660   1.10582  
 11 27.6386   5152.165239  x:  0.00009   0.00001   0.00024   0.00244   0.00002   0.00077   0.00545   0.00000   0.00000   1.77608   1.44701   0.44797   0.42677   1.10629  
 12  0.4650   5151.009120  x:  0.00019   0.00002   0.00029   0.00270   0.00001   0.00102   0.00539   0.00000   0.00000   1.77190   1.44102   0.45053   0.42920   1.12030  
 13  1.4875   5149.900595  x:  0.00034   0.00001   0.00067   0.00337   0.00002   0.00057   0.00548   0.00000   0.00000   1.77256   1.43770   0.45146   0.43161   1.13244  
 14  0.8310   5149.886362  x:  0.00032   0.00001   0.00073   0.00355   0.00002   0.00055   0.00555   0.00000   0.00000   1.77100   1.43308   0.45353   0.43367   1.14230  
 15  0.6702   5149.886362  x:  0.00032   0.00001   0.00073   0.00355   0.00002   0.00055   0.00555   0.00000   0.00000   1.77100   1.43308   0.45353   0.43367   1.14230  
 16  1.0308   5143.668848  x:  0.00034   0.00103   0.00073   0.00356   0.00064   0.00056   0.00555   0.00000   0.00000   1.77100   1.43308   0.45353   0.43367   1.14230  
 17 106254.4745   5143.254245  x:  0.00090   0.00095   0.00077   0.00363   0.00078   0.00077   0.00556   0.00000   0.00000   1.77100   1.43308   0.45353   0.43367   1.14230  
 18 1861.0179   5143.201147  x:  0.00082   0.00084   0.00082   0.00382   0.00095   0.00092   0.00557   0.00000   0.00000   1.77100   1.43308   0.45353   0.43367   1.14230  
 19 348.2579   5143.172868  x:  0.00084   0.00086   0.00078   0.00422   0.00092   0.00086   0.00561   0.00000   0.00000   1.77100   1.43308   0.45353   0.43367   1.14230  
 20 173.1470   5143.172310  x:  0.00084   0.00087   0.00080   0.00423   0.00091   0.00087   0.00562   0.00000   0.00000   1.77100   1.43308   0.45353   0.43367   1.14230  
 21 40.7879   5143.172289  x:  0.00084   0.00087   0.00080   0.00423   0.00091   0.00087   0.00562   0.00000   0.00000   1.77100   1.43308   0.45353   0.43367   1.14230  
 22  5.5243   5143.172260  x:  0.00084   0.00087   0.00080   0.00423   0.00091   0.00087   0.00564   0.00000   0.00000   1.77100   1.43307   0.45353   0.43368   1.14230  
 23  5.6271   5142.829181  x:  0.00083   0.00087   0.00080   0.00421   0.00090   0.00086   0.00560   0.00000   0.00000   1.71895   1.30373   0.52168   1.00000   1.26704  
 24  1.7920   5142.824462  x:  0.00081   0.00087   0.00080   0.00421   0.00090   0.00086   0.00561   0.00000   0.00000   1.80267   1.28395   0.52962   1.00000   1.29824  
 25  0.0975   5142.822998  x:  0.00078   0.00087   0.00080   0.00421   0.00089   0.00085   0.00563   0.00000   0.00000   1.78755   1.29195   0.51082   1.00000   1.35328  
 26  0.0147   5142.820427  x:  0.00079   0.00085   0.00078   0.00419   0.00088   0.00084   0.00556   0.00000   0.00000   1.80871   1.29698   0.46390   1.00000   1.51765  
 27  0.0270   5142.818398  x:  0.00080   0.00084   0.00080   0.00420   0.00087   0.00086   0.00562   0.00000   0.00000   1.80363   1.30755   0.41464   1.00000   1.66237  
 28  0.0703   5142.818203  x:  0.00080   0.00083   0.00080   0.00422   0.00087   0.00086   0.00560   0.00000   0.00000   1.79644   1.30858   0.40669   1.00000   1.67894  
 29  0.0064   5142.816904  x:  0.00080   0.00082   0.00080   0.00421   0.00086   0.00086   0.00561   0.00000   0.00000   1.79922   1.29159   0.42615   1.00000   1.60208  
 30  0.0101   5142.816492  x:  0.00080   0.00080   0.00080   0.00421   0.00085   0.00086   0.00561   0.00000   0.00000   1.79921   1.27589   0.43848   1.00000   1.54376  
 31  0.0610   5142.816491  x:  0.00080   0.00080   0.00080   0.00421   0.00085   0.00086   0.00561   0.00000   0.00000   1.79911   1.27585   0.43757   1.00000   1.54588  
 32  0.0044   5142.816490  x:  0.00080   0.00080   0.00080   0.00421   0.00085   0.00086   0.00561   0.00000   0.00000   1.79894   1.27447   0.43523   1.00000   1.54891  
 33  0.0048   5142.816487  x:  0.00080   0.00080   0.00080   0.00421   0.00085   0.00086   0.00561   0.00000   0.00000   1.79863   1.26745   0.42811   1.00000   1.55301  
 34  0.0071   5142.816466  x:  0.00080   0.00080   0.00080   0.00420   0.00085   0.00086   0.00561   0.00000   0.00000   1.79793   1.22305   0.39373   1.00000   1.55345  
 35  0.0149   5142.816134  x:  0.00080   0.00081   0.00080   0.00420   0.00085   0.00086   0.00561   0.00000   0.00000   1.79703   0.85821   0.15446   1.00000   1.45300  
 36  0.0560   5142.815833  x:  0.00080   0.00081   0.00080   0.00420   0.00085   0.00086   0.00561   0.00000   0.00000   1.79703   0.56430  -0.03400   1.00000   1.36240  
 37  1.4481   5142.815598  x:  0.00080   0.00081   0.00080   0.00420   0.00085   0.00086   0.00561   0.00000   0.00000   1.79757   0.28209  -0.21993   1.00000   1.28992  
 38  2.5692   5142.815305  x:  0.00080   0.00081   0.00080   0.00420   0.00085   0.00086   0.00561   0.00000   0.00000   1.80030  -0.04182  -0.44408   1.00000   1.23774  
 39  0.6354   5142.815059  x:  0.00080   0.00080   0.00080   0.00421   0.00085   0.00086   0.00562   0.00000   0.00000   1.80432  -0.27144  -0.61652   1.00000   1.23899  
 40  0.3541   5142.814962  x:  0.00080   0.00079   0.00080   0.00421   0.00085   0.00086   0.00562   0.00000   0.00000   1.80425  -0.50467  -0.78088   1.00000   1.20633  
 41  0.4385   5142.814883  x:  0.00080   0.00080   0.00080   0.00421   0.00085   0.00086   0.00562   0.00000   0.00000   1.80353  -0.74189  -0.95181   1.00000   1.18229  
 42  0.4804   5142.814727  x:  0.00080   0.00080   0.00079   0.00420   0.00085   0.00085   0.00561   0.00000   0.00000   1.79961  -1.27766  -1.34938   1.00000   1.15502  
 43  0.3306   5142.814645  x:  0.00080   0.00080   0.00080   0.00421   0.00085   0.00086   0.00561   0.00000   0.00000   1.80269  -1.54163  -1.54826   1.00000   1.15268  
 44  0.1575   5142.814624  x:  0.00080   0.00080   0.00080   0.00421   0.00085   0.00086   0.00561   0.00000   0.00000   1.80316  -1.70378  -1.66758   1.00000   1.14310  
 45  0.8874   5142.814596  x:  0.00080   0.00080   0.00080   0.00421   0.00085   0.00086   0.00561   0.00000   0.00000   1.80277  -2.04335  -1.92077   1.00000   1.13044  
 46  0.5506   5142.814538  x:  0.00080   0.00080   0.00080   0.00421   0.00085   0.00086   0.00561   0.00000   0.00000   1.80079  -2.74358  -2.44842   1.00000   1.11785  
 47  0.3494   5142.814515  x:  0.00080   0.00080   0.00080   0.00421   0.00085   0.00086   0.00561   0.00000   0.00000   1.80110  -2.82982  -2.51542   1.00000   1.12219  
 48  0.1293   5142.814489  x:  0.00080   0.00080   0.00080   0.00421   0.00085   0.00086   0.00561   0.00000   0.00000   1.80265  -3.32193  -2.88574   1.00000   1.11517  
 49  0.5317   5142.814477  x:  0.00080   0.00080   0.00080   0.00421   0.00085   0.00086   0.00561   0.00000   0.00000   1.80290  -3.81335  -3.25702   1.00000   1.11066  
 50  0.5186   5142.814456  x:  0.00080   0.00080   0.00080   0.00421   0.00085   0.00086   0.00561   0.00000   0.00000   1.80209  -5.18645  -4.29997   1.00000   1.11037  
 51  0.3920   5142.814449  x:  0.00080   0.00080   0.00080   0.00421   0.00085   0.00086   0.00561   0.00000   0.00000   1.80210  -5.67536  -4.67019   1.00000   1.10750  
 52  0.9913   5142.814448  x:  0.00080   0.00080   0.00080   0.00421   0.00085   0.00086   0.00561   0.00000   0.00000   1.80225  -5.79034  -4.75751   1.00000   1.10754  
 53  0.2442   5142.814448  x:  0.00080   0.00080   0.00080   0.00421   0.00085   0.00086   0.00561   0.00000   0.00000   1.80228  -5.85479  -4.80644   1.00000   1.10750  
 54  0.3773   5142.814448  x:  0.00080   0.00080   0.00080   0.00421   0.00085   0.00086   0.00561   0.00000   0.00000   1.80235  -6.11013  -5.00032   1.00000   1.10740  
 55  0.7143   5142.814447  x:  0.00080   0.00080   0.00080   0.00421   0.00085   0.00086   0.00561   0.00000   0.00000   1.80241  -6.60585  -5.37673   1.00000   1.10719  
 56  0.8169   5142.814446  x:  0.00080   0.00080   0.00080   0.00421   0.00085   0.00086   0.00561   0.00000   0.00000   1.80245  -8.25418  -6.62843   1.00000   1.10680  
 57  0.8093   5142.814442  x:  0.00080   0.00080   0.00080   0.00421   0.00085   0.00086   0.00561   0.00000   0.00000   1.80217  -10.81235  -8.57169   1.00000   1.10794  
 58  0.4900   5142.814442  x:  0.00080   0.00080   0.00080   0.00421   0.00085   0.00086   0.00561   0.00000   0.00000   1.80222  -10.62655  -8.43041   1.00000   1.10751  
 59  0.5906   5142.814442  x:  0.00080   0.00080   0.00080   0.00421   0.00085   0.00086   0.00561   0.00000   0.00000   1.80222  -10.62655  -8.43041   1.00000   1.10751  
 60  0.3681   5142.814442  x:  0.00080   0.00080   0.00080   0.00421   0.00085   0.00086   0.00561   0.00000   0.00000   1.80222  -10.62655  -8.43041   1.00000   1.10751  
 61  0.0458   5142.814442  x:  0.00080   0.00080   0.00080   0.00421   0.00085   0.00086   0.00561   0.00000   0.00000   1.80222  -10.62655  -8.43041   1.00000   1.10751  
 62  0.3806   5142.814442  x:  0.00080   0.00080   0.00080   0.00421   0.00085   0.00086   0.00561   0.00000   0.00000   1.80222  -10.62655  -8.43041   1.00000   1.10751  
check convergence!


Model 3: discrete

TREE # 1

  0  0.0000   5674.195194  x:  0.02800   0.06044   0.09434   0.04010   0.01535   0.05313   0.01725   0.10566   0.08097   1.80222   0.36150   0.41106   0.55370   1.33722   1.77705  
  1 99.0000   5528.351140  x:  0.01117   0.04345   0.07742   0.02559   0.00000   0.03729   0.00553   0.08867   0.06392   1.80225   0.36165   0.41093   0.55295   1.33725   1.77730  
  2 3198.4243   5477.817299  x:  0.00325   0.03545   0.06945   0.01875   0.00000   0.02984   0.00000   0.08067   0.05588   1.80226   0.36172   0.41087   0.55260   1.33726   1.77741  
  3 29203.2028   5454.444190  x:  0.00000   0.03213   0.06615   0.01596   0.00000   0.02675   0.00014   0.07736   0.05257   1.80226   0.36174   0.41085   0.55245   1.33726   1.77746  
  4 38601.8389   5346.781651  x:  0.00059   0.01355   0.04748   0.00061   0.00000   0.00923   0.00057   0.05853   0.03372   1.80229   0.36190   0.41072   0.55167   1.33729   1.77772  
  5 17127.1099   5298.011608  x:  0.00068   0.00374   0.03757   0.00051   0.00000   0.00000   0.00068   0.04855   0.02373   1.80230   0.36198   0.41065   0.55127   1.33730   1.77785  
  6 21328.8118   5283.823744  x:  0.00071   0.00021   0.03400   0.00046   0.00000   0.00000   0.00072   0.04495   0.02012   1.80231   0.36201   0.41063   0.55112   1.33731   1.77789  
  7 12880.9803   5214.566349  x:  0.00064   0.00021   0.01408   0.00016   0.00000   0.00000   0.00096   0.02485   0.00000   1.80233   0.36216   0.41049   0.55031   1.33734   1.77816  
  8 8193.1197   5176.481645  x:  0.00065   0.00021   0.00690   0.00013   0.00001   0.00000   0.00094   0.00000   0.00000   1.80231   0.36415   0.40885   0.54057   1.33754   1.78134  
  9 841.4018   5169.775598  x:  0.00072   0.00022   0.00070   0.00017   0.00001   0.00000   0.00090   0.00000   0.00000   1.80237   0.36398   0.40898   0.54132   1.33756   1.78113  
 10 189.1462   5161.512041  x:  0.00096   0.00005   0.00029   0.00017   0.00011   0.00007   0.00219   0.00000   0.00000   1.81308   0.43216   0.35093   0.19284   1.35090   1.89780  
 11 121.8691   5159.206332  x:  0.00115   0.00018   0.00015   0.00016   0.00019   0.00011   0.00277   0.00000   0.00000   1.82476   0.46968   0.31881   0.00000   1.35878   1.96303  
 12 2375.4112   5158.104463  x:  0.00122   0.00018   0.00106   0.00018   0.00019   0.00011   0.00270   0.00000   0.00000   1.85021   0.47470   0.31782   0.00000   1.34369   1.95473  
 13  1.0914   5155.095148  x:  0.00165   0.00018   0.00107   0.00027   0.00019   0.00011   0.00729   0.00000   0.00000   2.02468   0.64561   0.15929   0.00000   1.34962   2.30723  
 14  1.1204   5152.922126  x:  0.00039   0.00018   0.00100   0.00041   0.00018   0.00012   0.00658   0.00000   0.00000   2.05319   0.41309   0.25981   0.00000   1.37443   2.26091  
 15  0.3283   5150.235879  x:  0.00181   0.00018   0.00076   0.00082   0.00017   0.00013   0.00424   0.00000   0.00000   1.68233  -0.06529   0.42197   0.00000   1.42631   2.29823  
 16  0.5678   5147.719229  x:  0.00070   0.00019   0.00053   0.00149   0.00015   0.00016   0.00688   0.00000   0.00000   2.39519  -0.08637   0.44284   0.00000   0.85655   2.14353  
 17  0.1964   5146.559028  x:  0.00065   0.00019   0.00055   0.00203   0.00013   0.00018   0.00581   0.00000   0.00000   1.43715  -0.67081   0.52548   0.00000   1.10846   2.21933  
 18  0.4629   5145.831128  x:  0.00085   0.00019   0.00064   0.00276   0.00012   0.00021   0.00476   0.00000   0.00000   2.11740  -1.14717   0.69302   0.00000   0.89548   2.03741  
 19  0.4367   5145.358697  x:  0.00064   0.00020   0.00081   0.00365   0.00011   0.00022   0.00595   0.00000   0.00000   1.84499  -1.65273   0.80823   0.00000   0.72506   1.95650  
 20  0.2462   5145.254389  x:  0.00090   0.00020   0.00087   0.00393   0.00011   0.00022   0.00576   0.00000   0.00000   1.70352  -1.86222   0.82041   0.00000   0.87289   1.96092  
 21  0.2514   5145.140445  x:  0.00085   0.00020   0.00090   0.00446   0.00013   0.00021   0.00522   0.00000   0.00000   1.88420  -2.24265   0.93812   0.00000   0.91514   1.79007  
 22  0.1489   5145.057890  x:  0.00072   0.00020   0.00087   0.00471   0.00016   0.00019   0.00573   0.00000   0.00000   1.83318  -2.38020   0.97239   0.00000   1.02308   1.68752  
 23  0.0834   5145.017566  x:  0.00084   0.00020   0.00080   0.00462   0.00019   0.00017   0.00565   0.00000   0.00000   1.78027  -2.32095   1.00175   0.00000   0.95262   1.56130  
 24  0.0755   5145.006518  x:  0.00079   0.00020   0.00077   0.00448   0.00019   0.00016   0.00554   0.00000   0.00000   1.81139  -2.24499   0.99130   0.00000   1.04701   1.53894  
 25  0.0588   5144.959035  x:  0.00074   0.00021   0.00080   0.00436   0.00019   0.00017   0.00560   0.00000   0.00000   1.78931  -2.17638   1.01653   0.00000   1.01061   1.35538  
 26  0.0253   5144.762447  x:  0.00065   0.00023   0.00102   0.00385   0.00021   0.00021   0.00577   0.00000   0.00000   1.71275  -1.98606   1.28001   0.00000   1.27537   0.00000  
 27  0.6502   5144.641834  x:  0.00062   0.00025   0.00118   0.00364   0.00024   0.00023   0.00583   0.00000   0.00000   1.67713  -1.97001   1.60273   0.00000   1.57228   0.00000  
 28  1.9215   5144.270780  x:  0.00111   0.00031   0.00146   0.00445   0.00032   0.00028   0.00564   0.00000   0.00000   1.92463  -2.78475   2.24973   0.00000   1.37733   0.00000  
 29  0.3384   5143.560988  x:  0.00078   0.00044   0.00106   0.00420   0.00060   0.00033   0.00471   0.00000   0.00000   1.79948  -3.34856   3.77250   0.00000   0.91721   0.00000  
 30  0.2662   5143.213518  x:  0.00060   0.00053   0.00093   0.00382   0.00076   0.00039   0.00571   0.00000   0.00000   1.77086  -3.52250   4.72409   0.00000   1.19307   0.00000  
 31  0.6618   5143.029652  x:  0.00091   0.00064   0.00094   0.00415   0.00095   0.00048   0.00608   0.00000   0.00000   1.80017  -4.28730   5.99015   0.00000   1.05073   0.00000  
 32  0.9626   5142.933761  x:  0.00079   0.00075   0.00079   0.00417   0.00111   0.00056   0.00551   0.00000   0.00000   1.80967  -4.84660   7.11511   0.00000   1.07809   0.00000  
 33  0.6428   5142.917027  x:  0.00082   0.00077   0.00087   0.00428   0.00113   0.00061   0.00559   0.00000   0.00000   1.80837  -5.04606   7.39988   0.00000   1.15813   0.00000  
 34  0.1615   5142.875194  x:  0.00077   0.00083   0.00079   0.00416   0.00114   0.00076   0.00582   0.00000   0.00000   1.79119  -5.29931   8.10913   0.00000   1.09767   0.00000  
 35  0.1183   5142.825764  x:  0.00079   0.00078   0.00088   0.00407   0.00091   0.00085   0.00557   0.00000   0.00000   1.81257  -5.01059   7.55439   0.00000   1.09949   0.00000  
 36  0.2155   5142.817522  x:  0.00078   0.00077   0.00083   0.00420   0.00086   0.00088   0.00562   0.00000   0.00000   1.78154  -5.04358   7.45681   0.00000   1.07883   0.00000  
 37  0.0565   5142.815554  x:  0.00080   0.00077   0.00079   0.00421   0.00087   0.00087   0.00562   0.00000   0.00000   1.80061  -5.04939   7.45573   0.00000   1.10784   0.00000  
 38  0.0244   5142.815501  x:  0.00080   0.00077   0.00080   0.00421   0.00086   0.00087   0.00561   0.00000   0.00000   1.80271  -5.03490   7.42299   0.00000   1.10796   0.00000  
 39  0.0347   5142.815495  x:  0.00080   0.00077   0.00080   0.00421   0.00087   0.00087   0.00561   0.00000   0.00000   1.80223  -5.03458   7.42025   0.00000   1.10724   0.00000  
 40  0.0017   5142.815495  x:  0.00080   0.00077   0.00080   0.00421   0.00087   0.00087   0.00561   0.00000   0.00000   1.80233  -5.03416   7.42015   0.00000   1.10748   0.00000  
 41  0.0005   5142.815494  x:  0.00080   0.00077   0.00080   0.00421   0.00086   0.00087   0.00561   0.00000   0.00000   1.80246  -5.03296   7.41898   0.00000   1.10783   0.00000  
 42  0.0002   5142.815494  x:  0.00080   0.00077   0.00080   0.00421   0.00086   0.00087   0.00561   0.00000   0.00000   1.80243  -5.03316   7.41919   0.00000   1.10777   0.00000  
 43  0.0010   5142.815494  x:  0.00080   0.00077   0.00080   0.00421   0.00086   0.00087   0.00561   0.00000   0.00000   1.80240  -5.03345   7.41953   0.00000   1.10768   0.00000  
 44  0.0010   5142.815494  x:  0.00080   0.00077   0.00080   0.00421   0.00087   0.00087   0.00561   0.00000   0.00000   1.80236  -5.03383   7.42007   0.00000   1.10756   0.00000  
 45  0.0011   5142.815494  x:  0.00080   0.00077   0.00080   0.00421   0.00087   0.00087   0.00561   0.00000   0.00000   1.80229  -5.03442   7.42118   0.00000   1.10736   0.00000  
 46  0.0013   5142.815493  x:  0.00080   0.00077   0.00080   0.00421   0.00087   0.00087   0.00561   0.00000   0.00000   1.80215  -5.03559   7.42441   0.00000   1.10697   0.00000  
 47  0.0017   5142.815485  x:  0.00080   0.00077   0.00080   0.00421   0.00087   0.00087   0.00561   0.00000   0.00000   1.80176  -5.03888   7.44292   0.00000   1.10583   0.00000  
 48  0.0032   5142.815364  x:  0.00080   0.00077   0.00079   0.00422   0.00087   0.00087   0.00561   0.00000   0.00000   1.80125  -5.04157   7.55152   0.00000   1.10433   0.00000  
 49  0.0136   5142.814786  x:  0.00080   0.00080   0.00079   0.00423   0.00086   0.00085   0.00561   0.00000   0.00000   1.79996  -5.03727   8.42112   0.00000   1.10020   0.00000  
 50  0.4912   5142.814454  x:  0.00080   0.00080   0.00080   0.00421   0.00085   0.00086   0.00561   0.00000   0.00000   1.80233  -5.01331   8.68417   0.00000   1.10717   0.00000  
 51  0.1174   5142.814451  x:  0.00080   0.00080   0.00080   0.00421   0.00085   0.00085   0.00561   0.00000   0.00000   1.80244  -5.01009   8.64790   0.00000   1.10668   0.00000  
 52  0.0099   5142.814451  x:  0.00080   0.00080   0.00080   0.00421   0.00085   0.00085   0.00561   0.00000   0.00000   1.80243  -5.01023   8.64956   0.00000   1.10670   0.00000  
 53  0.0257   5142.814451  x:  0.00080   0.00080   0.00080   0.00421   0.00085   0.00085   0.00561   0.00000   0.00000   1.80243  -5.01024   8.64972   0.00000   1.10670   0.00000  
 54  0.0241   5142.814451  x:  0.00080   0.00080   0.00080   0.00421   0.00085   0.00085   0.00561   0.00000   0.00000   1.80243  -5.01024   8.64972   0.00000   1.10670   0.00000  
 55  0.0234   5142.814451  x:  0.00080   0.00080   0.00080   0.00421   0.00085   0.00085   0.00561   0.00000   0.00000   1.80242  -5.01032   8.64968   0.00000   1.10671   0.00000  
 56  0.0066   5142.814451  x:  0.00080   0.00080   0.00080   0.00421   0.00085   0.00085   0.00561   0.00000   0.00000   1.80242  -5.01032   8.64968   0.00000   1.10671   0.00000  
 57  0.0021   5142.814451  x:  0.00080   0.00080   0.00080   0.00421   0.00085   0.00085   0.00561   0.00000   0.00000   1.80242  -5.01032   8.64968   0.00000   1.10671   0.00000  
 58  0.6521   5142.814451  x:  0.00080   0.00080   0.00080   0.00421   0.00085   0.00086   0.00561   0.00000   0.00000   1.80255  -5.01063   8.64969   0.00000   1.10671   0.00000  

Model 7: beta

TREE # 1

  0  0.0000   5846.925741  x:  0.08536   0.09840   0.02973   0.09650   0.08238   0.05636   0.07399   0.09441   0.06747   1.80255   0.88258   1.10382  
  1 99.0000   5574.287017  x:  0.05534   0.06842   0.00000   0.06930   0.05425   0.02840   0.04633   0.06421   0.03711   1.80245   0.88115   1.10407  
  2 3076.7356   5516.260372  x:  0.04691   0.06301   0.00000   0.05589   0.05449   0.02050   0.00355   0.06874   0.04160   1.80116   0.85527   1.10839  
  3 1581.6089   5453.925061  x:  0.02498   0.04891   0.00000   0.02045   0.05509   0.00000   0.00361   0.08173   0.05489   1.79770   0.78604   1.11992  
  4 1224.0302   5453.925061  x:  0.02498   0.04891   0.00000   0.02045   0.05509   0.00000   0.00361   0.08173   0.05489   1.79770   0.78604   1.11992  
  5 14890.2032   5403.519610  x:  0.00000   0.02321   0.04964   0.00183   0.03093   0.04306   0.01486   0.05568   0.02883   1.79767   0.78578   1.11995  
  6 3897.9078   5347.427433  x:  0.01811   0.00000   0.06417   0.00268   0.00889   0.05489   0.01409   0.03164   0.00474   1.79765   0.78558   1.11997  
  7 4467.4347   5337.620652  x:  0.02061   0.00091   0.06636   0.00299   0.00460   0.05661   0.01371   0.02692   0.00000   1.79765   0.78554   1.11997  
  8 7477.5409   5329.054433  x:  0.02039   0.00086   0.06674   0.00355   0.00038   0.05672   0.01270   0.02199   0.00000   1.79764   0.78551   1.11998  
  9 5875.3035   5303.092629  x:  0.02035   0.00085   0.06854   0.00455   0.00049   0.05730   0.00852   0.00000   0.00000   1.79763   0.78538   1.11999  
 10 2822.8058   5302.246302  x:  0.02037   0.00086   0.06867   0.00290   0.00042   0.05645   0.00658   0.00000   0.00000   1.79762   0.78526   1.12000  
 11 62.9135   5237.584471  x:  0.00551   0.00043   0.05886   0.00008   0.00332   0.01154   0.00911   0.00000   0.00000   1.79714   0.78124   1.12023  
 12 295.2966   5216.723632  x:  0.00000   0.00032   0.03694   0.00016   0.00396   0.01679   0.00878   0.00000   0.00000   1.80312   0.90917   1.09056  
 13 23.8564   5216.027712  x:  0.00001   0.00031   0.04601   0.00018   0.00394   0.00661   0.00877   0.00000   0.00000   1.80297   0.91152   1.08974  
 14 34.2391   5170.035001  x:  0.00183   0.00031   0.00000   0.00126   0.00489   0.01608   0.00986   0.00000   0.00000   1.58938   0.74728   0.90755  
 15 27.3309   5152.389457  x:  0.00332   0.00033   0.00153   0.00176   0.00483   0.00097   0.01048   0.00000   0.00000   1.49258   0.55880   0.72312  
 16 342.7146   5150.739220  x:  0.00332   0.00036   0.00153   0.00174   0.00481   0.00031   0.00833   0.00000   0.00000   1.50425   0.97878   0.42219  
 17  3.7069   5149.507785  x:  0.00332   0.00040   0.00154   0.00175   0.00475   0.00124   0.00587   0.00000   0.00000   1.51980   1.44029   0.08887  
 18 56.1832   5148.480324  x:  0.00332   0.00052   0.00153   0.00179   0.00393   0.00112   0.00516   0.00000   0.00000   1.68236   1.31982   0.00500  
 19  0.5640   5145.972310  x:  0.00332   0.00090   0.00153   0.00197   0.00081   0.00078   0.00537   0.00000   0.00000   1.80518   0.71073   0.00500  
 20  1.3960   5145.476782  x:  0.00330   0.00087   0.00153   0.00268   0.00103   0.00101   0.00700   0.00000   0.00000   1.91051   0.66604   0.00500  
 21  0.0210   5145.210763  x:  0.00329   0.00088   0.00153   0.00305   0.00058   0.00100   0.00662   0.00000   0.00000   1.78531   0.57940   0.00500  
 22  0.2096   5144.883947  x:  0.00326   0.00078   0.00153   0.00360   0.00087   0.00100   0.00547   0.00000   0.00000   1.55794   0.62564   0.00500  
 23  0.3539   5144.766325  x:  0.00324   0.00073   0.00153   0.00407   0.00087   0.00094   0.00546   0.00000   0.00000   1.89808   0.55402   0.00500  
 24  0.2505   5144.722894  x:  0.00320   0.00075   0.00153   0.00442   0.00082   0.00085   0.00577   0.00000   0.00000   1.77965   0.45890   0.00500  
 25  0.0690   5144.682798  x:  0.00313   0.00079   0.00152   0.00456   0.00087   0.00076   0.00531   0.00000   0.00000   1.71441   0.44525   0.00500  
 26  0.0132   5144.392687  x:  0.00269   0.00118   0.00150   0.00444   0.00116   0.00074   0.00563   0.00000   0.00000   1.85584   0.48961   0.00500  
 27  0.0185   5144.006593  x:  0.00146   0.00208   0.00144   0.00447   0.00123   0.00088   0.00554   0.00000   0.00000   1.87913   0.60014   0.00500  
 28  0.0351   5143.791872  x:  0.00128   0.00201   0.00143   0.00453   0.00070   0.00089   0.00556   0.00000   0.00000   1.75524   0.52376   0.00500  
 29  0.0510   5143.206865  x:  0.00123   0.00076   0.00143   0.00401   0.00070   0.00088   0.00524   0.00000   0.00000   1.97277   0.58664   0.00500  
 30  0.0283   5143.057898  x:  0.00077   0.00086   0.00140   0.00405   0.00079   0.00088   0.00532   0.00000   0.00000   1.95582   0.60321   0.00500  
 31  0.0491   5143.022552  x:  0.00079   0.00077   0.00140   0.00421   0.00086   0.00085   0.00562   0.00000   0.00000   1.82009   0.56356   0.00500  
 32  0.1570   5143.020927  x:  0.00079   0.00081   0.00140   0.00422   0.00086   0.00085   0.00564   0.00000   0.00000   1.79209   0.56250   0.00500  
 33  0.0496   5143.020581  x:  0.00078   0.00080   0.00140   0.00421   0.00085   0.00085   0.00562   0.00000   0.00000   1.77995   0.56540   0.00500  
 34  0.0149   5143.020470  x:  0.00079   0.00080   0.00140   0.00420   0.00085   0.00086   0.00561   0.00000   0.00000   1.77819   0.56862   0.00500  
 35  0.0025   5143.019317  x:  0.00079   0.00080   0.00140   0.00420   0.00086   0.00087   0.00558   0.00000   0.00000   1.78687   0.57483   0.00500  
 36  0.0013   5143.010861  x:  0.00083   0.00082   0.00136   0.00421   0.00090   0.00093   0.00544   0.00000   0.00000   1.82778   0.60604   0.00500  
 37  0.0154   5142.932938  x:  0.00082   0.00081   0.00119   0.00429   0.00089   0.00098   0.00557   0.00000   0.00000   1.82293   0.58963   0.00500  
 38  0.0021   5142.842711  x:  0.00079   0.00079   0.00081   0.00436   0.00086   0.00099   0.00567   0.00000   0.00000   1.79190   0.53215   0.00500  
 39  0.0887   5142.827985  x:  0.00079   0.00079   0.00081   0.00424   0.00084   0.00085   0.00566   0.00000   0.00000   1.76617   0.48765   0.00500  
 40  0.0300   5142.827115  x:  0.00080   0.00080   0.00079   0.00421   0.00085   0.00086   0.00562   0.00000   0.00000   1.77947   0.49479   0.00500  
 41  0.0142   5142.827112  x:  0.00080   0.00080   0.00080   0.00421   0.00085   0.00086   0.00562   0.00000   0.00000   1.77963   0.49534   0.00500  
 42  0.0015   5142.827112  x:  0.00080   0.00080   0.00080   0.00421   0.00085   0.00086   0.00562   0.00000   0.00000   1.77964   0.49550   0.00500  

Model 8: beta&w>1

TREE # 1

  0  0.0000   5755.823595  x:  0.09604   0.08764   0.07017   0.01241   0.10472   0.07493   0.09448   0.01168   0.08780   1.77964   0.90000   0.35248   1.41533   1.10739  
  1 99.0000   5669.915254  x:  0.08472   0.07631   0.05893   0.00515   0.09421   0.06446   0.08405   0.00000   0.07636   1.77953   0.89804   0.35127   1.41541   1.10813  
  2 2657.2735   5612.452996  x:  0.07560   0.06717   0.04987   0.00000   0.08573   0.05603   0.07565   0.00000   0.06711   1.77945   0.89657   0.35035   1.41548   1.10868  
  3 2952935.2617   5275.177196  x:  0.02797   0.01882   0.00000   0.00166   0.04227   0.01038   0.01453   0.00000   0.02259   1.77254   0.74179   0.27352   1.41825   1.15428  
  4 2545.6390   5221.768713  x:  0.01705   0.00784   0.00021   0.00188   0.03212   0.00000   0.00188   0.00000   0.01212   1.77121   0.71208   0.25877   1.41878   1.16304  
  5 25457.0657   5221.326563  x:  0.01657   0.00735   0.00022   0.00188   0.03167   0.00000   0.00135   0.00000   0.01165   1.77116   0.71097   0.25822   1.41880   1.16336  
  6 23165.1143   5200.096705  x:  0.01090   0.00169   0.00000   0.00184   0.02639   0.00000   0.00134   0.00000   0.00609   1.77067   0.70001   0.25275   1.41901   1.16662  
  7 12766.2676   5199.483647  x:  0.01023   0.00070   0.00000   0.00183   0.02656   0.00000   0.00134   0.00000   0.00597   1.77063   0.69929   0.25223   1.41905   1.16691  
  8 3091.8038   5192.359814  x:  0.00098   0.00057   0.00000   0.00175   0.02937   0.00000   0.00134   0.00000   0.00451   1.77046   0.69629   0.24839   1.41964   1.16904  
  9 1482.3436   5189.482033  x:  0.00098   0.00057   0.00000   0.00171   0.03170   0.00000   0.00133   0.00000   0.00000   1.77040   0.69679   0.24490   1.42047   1.17089  
 10 402.6143   5181.721174  x:  0.00044   0.00053   0.00000   0.00146   0.02295   0.00003   0.00124   0.00000   0.00000   1.76832   0.77136   0.00500   1.47953   1.29429  
 11 385.0207   5181.721174  x:  0.00044   0.00053   0.00000   0.00146   0.02295   0.00003   0.00124   0.00000   0.00000   1.76832   0.77136   0.00500   1.47953   1.29429  
 12 7987.6899   5176.904364  x:  0.00044   0.00053   0.00010   0.00146   0.02295   0.00167   0.00124   0.00000   0.00000   1.76832   0.77136   0.00500   1.47953   1.29429  
 13 5641503.9345   5171.802889  x:  0.00083   0.00077   0.00371   0.00227   0.02255   0.00147   0.00285   0.00000   0.00000   1.76832   0.77135   0.00500   1.47953   1.29429  
 14 11213.0446   5163.923954  x:  0.00099   0.00129   0.00097   0.00788   0.01689   0.00162   0.00992   0.00000   0.00000   1.76832   0.77124   0.00500   1.47953   1.29431  
 15 2194.1756   5160.051606  x:  0.00056   0.00020   0.00095   0.00775   0.01255   0.00163   0.01034   0.00000   0.00000   1.76831   0.77116   0.00500   1.47953   1.29432  
 16 1552.5906   5152.452282  x:  0.00006   0.00031   0.00093   0.00716   0.00373   0.00163   0.01078   0.00000   0.00000   1.76831   0.77100   0.00500   1.47953   1.29435  
 17 15486.4425   5150.563101  x:  0.00006   0.00032   0.00091   0.00696   0.00086   0.00163   0.01092   0.00000   0.00000   1.76831   0.77094   0.00500   1.47953   1.29436  
 18 326219.0235   5150.562860  x:  0.00006   0.00032   0.00090   0.00691   0.00086   0.00163   0.01096   0.00000   0.00000   1.76831   0.77092   0.00500   1.47953   1.29437  
 19 54.4896   5150.167720  x:  0.00006   0.00031   0.00107   0.00818   0.00161   0.00162   0.00991   0.00000   0.00000   1.76715   0.72972   0.00510   1.47953   1.30170  
 20 37.5422   5150.167720  x:  0.00006   0.00031   0.00107   0.00818   0.00161   0.00162   0.00991   0.00000   0.00000   1.76715   0.72972   0.00510   1.47953   1.30170  
 21 75.8719   5148.465554  x:  0.00082   0.00031   0.00107   0.00818   0.00161   0.00162   0.00991   0.00000   0.00000   1.76715   0.72972   0.00510   1.47953   1.30170  
 22 5633650.6124   5147.689806  x:  0.00082   0.00138   0.00090   0.00789   0.00133   0.00134   0.00964   0.00000   0.00000   1.76715   0.72971   0.00510   1.47953   1.30170  
 23 2317.7796   5146.721338  x:  0.00082   0.00127   0.00059   0.00699   0.00061   0.00061   0.00880   0.00000   0.00000   1.76714   0.72969   0.00510   1.47953   1.30170  
 24 1169.4742   5145.212801  x:  0.00082   0.00126   0.00109   0.00412   0.00071   0.00066   0.00610   0.00000   0.00000   1.76714   0.72960   0.00510   1.47953   1.30172  
 25 1364.6685   5145.106625  x:  0.00082   0.00125   0.00077   0.00392   0.00078   0.00082   0.00582   0.00000   0.00000   1.76714   0.72958   0.00510   1.47953   1.30172  
 26 627.5773   5145.097406  x:  0.00082   0.00125   0.00076   0.00402   0.00084   0.00077   0.00567   0.00000   0.00000   1.76714   0.72955   0.00510   1.47953   1.30173  
 27 99.4983   5145.090966  x:  0.00082   0.00125   0.00077   0.00412   0.00080   0.00080   0.00554   0.00000   0.00000   1.76714   0.72951   0.00510   1.47953   1.30174  
 28 144.5042   5142.958895  x:  0.00082   0.00124   0.00078   0.00400   0.00079   0.00078   0.00546   0.00000   0.00000   1.75275   0.20115   0.00656   1.47953   1.40587  
 29 15.9389   5142.869260  x:  0.00082   0.00100   0.00078   0.00444   0.00088   0.00089   0.00586   0.00000   0.00000   1.84224   0.18911   0.00694   1.47953   1.36476  
 30  0.0752   5142.828691  x:  0.00082   0.00078   0.00080   0.00428   0.00087   0.00087   0.00565   0.00000   0.00000   1.84122   0.17952   0.00772   1.47953   1.33334  
 31  0.0353   5142.825776  x:  0.00082   0.00080   0.00080   0.00421   0.00085   0.00086   0.00561   0.00000   0.00000   1.79796   0.17773   0.00899   1.47952   1.33921  
 32  0.0446   5142.823973  x:  0.00082   0.00078   0.00080   0.00416   0.00083   0.00083   0.00565   0.00000   0.00000   1.82217   0.13539   0.02886   1.47949   1.28043  
 33  0.0099   5142.816330  x:  0.00082   0.00080   0.00081   0.00422   0.00085   0.00084   0.00566   0.00000   0.00000   1.80567   0.00001   0.12186   1.47893   1.07452  
 34  0.0610   5142.815083  x:  0.00082   0.00080   0.00081   0.00422   0.00085   0.00084   0.00565   0.00000   0.00000   1.80409   0.00001   0.10872   1.47899   1.10923  
 35  0.2268   5142.814697  x:  0.00082   0.00080   0.00079   0.00421   0.00085   0.00085   0.00561   0.00000   0.00000   1.80216   0.00001   0.10913   1.47899   1.10693  
 36  0.0032   5142.814696  x:  0.00082   0.00080   0.00080   0.00421   0.00085   0.00085   0.00561   0.00000   0.00000   1.80225   0.00001   0.10914   1.47899   1.10689  
 37  0.0003   5142.814696  x:  0.00082   0.00080   0.00080   0.00421   0.00085   0.00085   0.00561   0.00000   0.00000   1.80226   0.00001   0.10914   1.47899   1.10688  
 38  0.0002   5142.814696  x:  0.00082   0.00080   0.00080   0.00421   0.00085   0.00085   0.00561   0.00000   0.00000   1.80226   0.00001   0.10914   1.47899   1.10688  
 39  0.0002   5142.814696  x:  0.00082   0.00080   0.00080   0.00421   0.00085   0.00085   0.00561   0.00000   0.00000   1.80226   0.00001   0.10914   1.47899   1.10688  
 40  0.0002   5142.814696  x:  0.00082   0.00080   0.00080   0.00421   0.00085   0.00085   0.00561   0.00000   0.00000   1.80226   0.00001   0.10915   1.47899   1.10687  
 41  0.0002   5142.814696  x:  0.00082   0.00080   0.00080   0.00421   0.00085   0.00085   0.00561   0.00000   0.00000   1.80226   0.00001   0.10915   1.47899   1.10687  
 42  0.0002   5142.814696  x:  0.00082   0.00080   0.00080   0.00421   0.00085   0.00085   0.00561   0.00000   0.00000   1.80227   0.00001   0.10915   1.47899   1.10687  
 43  0.0002   5142.814696  x:  0.00082   0.00080   0.00080   0.00421   0.00085   0.00085   0.00561   0.00000   0.00000   1.80227   0.00001   0.10915   1.47899   1.10687  
 44  0.0002   5142.814696  x:  0.00082   0.00080   0.00080   0.00421   0.00085   0.00085   0.00561   0.00000   0.00000   1.80227   0.00001   0.10915   1.47899   1.10687  
 45  0.0002   5142.814696  x:  0.00082   0.00080   0.00080   0.00421   0.00085   0.00085   0.00561   0.00000   0.00000   1.80228   0.00001   0.10915   1.47899   1.10687  
 46  0.0002   5142.814696  x:  0.00082   0.00080   0.00080   0.00421   0.00085   0.00085   0.00561   0.00000   0.00000   1.80228   0.00001   0.10915   1.47899   1.10687  
 47  0.0002   5142.814696  x:  0.00082   0.00080   0.00080   0.00421   0.00085   0.00085   0.00561   0.00000   0.00000   1.80228   0.00001   0.10916   1.47899   1.10686  
 48  0.0002   5142.814696  x:  0.00082   0.00080   0.00080   0.00421   0.00085   0.00085   0.00561   0.00000   0.00000   1.80228   0.00001   0.10916   1.47899   1.10686  
 49  0.0002   5142.814696  x:  0.00082   0.00080   0.00080   0.00421   0.00085   0.00085   0.00561   0.00000   0.00000   1.80229   0.00001   0.10916   1.47899   1.10686  
 50  0.0002   5142.814696  x:  0.00082   0.00080   0.00080   0.00421   0.00085   0.00085   0.00561   0.00000   0.00000   1.80229   0.00001   0.10916   1.47899   1.10686  
 51  0.0002   5142.814696  x:  0.00082   0.00080   0.00080   0.00421   0.00085   0.00085   0.00561   0.00000   0.00000   1.80229   0.00001   0.10916   1.47899   1.10686  
 52  0.0002   5142.814696  x:  0.00082   0.00080   0.00080   0.00421   0.00085   0.00085   0.00561   0.00000   0.00000   1.80230   0.00001   0.10917   1.47899   1.10685  
 53  0.0002   5142.814696  x:  0.00082   0.00080   0.00080   0.00421   0.00085   0.00085   0.00561   0.00000   0.00000   1.80230   0.00001   0.10917   1.47899   1.10685  
 54  0.0002   5142.814696  x:  0.00082   0.00080   0.00080   0.00421   0.00085   0.00085   0.00561   0.00000   0.00000   1.80230   0.00001   0.10917   1.47899   1.10685  
 55  0.0002   5142.814696  x:  0.00082   0.00080   0.00080   0.00421   0.00085   0.00085   0.00561   0.00000   0.00000   1.80230   0.00001   0.10918   1.47899   1.10685  
 56  0.0002   5142.814696  x:  0.00082   0.00080   0.00080   0.00421   0.00085   0.00085   0.00561   0.00000   0.00000   1.80231   0.00001   0.10918   1.47899   1.10685  
 57  0.0002   5142.814696  x:  0.00082   0.00080   0.00080   0.00421   0.00085   0.00085   0.00561   0.00000   0.00000   1.80231   0.00001   0.10919   1.47899   1.10684  
 58  0.0002   5142.814696  x:  0.00082   0.00080   0.00080   0.00421   0.00085   0.00085   0.00561   0.00000   0.00000   1.80231   0.00001   0.10919   1.47899   1.10684  
 59  0.0002   5142.814696  x:  0.00082   0.00080   0.00080   0.00421   0.00085   0.00085   0.00561   0.00000   0.00000   1.80232   0.00001   0.10920   1.47899   1.10684  
 60  0.0002   5142.814696  x:  0.00082   0.00080   0.00080   0.00421   0.00085   0.00085   0.00561   0.00000   0.00000   1.80232   0.00001   0.10920   1.47899   1.10684  
 61  0.0002   5142.814696  x:  0.00082   0.00080   0.00080   0.00421   0.00085   0.00085   0.00561   0.00000   0.00000   1.80233   0.00001   0.10921   1.47899   1.10683  
 62  0.0002   5142.814696  x:  0.00082   0.00080   0.00080   0.00421   0.00085   0.00085   0.00561   0.00000   0.00000   1.80233   0.00001   0.10921   1.47899   1.10683  
 63  0.0002   5142.814696  x:  0.00082   0.00080   0.00080   0.00421   0.00085   0.00085   0.00561   0.00000   0.00000   1.80233   0.00001   0.10922   1.47899   1.10683  
 64  0.0003   5142.814696  x:  0.00082   0.00080   0.00080   0.00421   0.00085   0.00085   0.00561   0.00000   0.00000   1.80234   0.00001   0.10923   1.47899   1.10683  
 65  0.0003   5142.814696  x:  0.00082   0.00080   0.00080   0.00421   0.00085   0.00085   0.00561   0.00000   0.00000   1.80234   0.00001   0.10924   1.47899   1.10682  
 66  0.0003   5142.814696  x:  0.00082   0.00080   0.00080   0.00421   0.00085   0.00085   0.00561   0.00000   0.00000   1.80235   0.00001   0.10924   1.47899   1.10682  
 67  0.0003   5142.814696  x:  0.00082   0.00080   0.00080   0.00421   0.00085   0.00085   0.00561   0.00000   0.00000   1.80235   0.00001   0.10925   1.47899   1.10682  
 68  0.0003   5142.814696  x:  0.00082   0.00080   0.00080   0.00421   0.00085   0.00086   0.00561   0.00000   0.00000   1.80236   0.00001   0.10926   1.47899   1.10682  
 69  0.0003   5142.814696  x:  0.00082   0.00080   0.00080   0.00421   0.00085   0.00086   0.00561   0.00000   0.00000   1.80236   0.00001   0.10927   1.47899   1.10681  
 70  0.0003   5142.814696  x:  0.00082   0.00080   0.00080   0.00421   0.00085   0.00086   0.00561   0.00000   0.00000   1.80237   0.00001   0.10929   1.47899   1.10681  
 71  0.0003   5142.814696  x:  0.00082   0.00080   0.00080   0.00421   0.00085   0.00086   0.00561   0.00000   0.00000   1.80237   0.00001   0.10930   1.47899   1.10681  
 72  0.0003   5142.814696  x:  0.00082   0.00080   0.00080   0.00421   0.00085   0.00086   0.00561   0.00000   0.00000   1.80238   0.00001   0.10931   1.47898   1.10680  
 73  0.0003   5142.814696  x:  0.00082   0.00080   0.00080   0.00421   0.00085   0.00086   0.00561   0.00000   0.00000   1.80238   0.00001   0.10933   1.47898   1.10680  
 74  0.0003   5142.814696  x:  0.00082   0.00080   0.00080   0.00421   0.00085   0.00086   0.00561   0.00000   0.00000   1.80239   0.00001   0.10935   1.47898   1.10679  
 75  0.0004   5142.814696  x:  0.00082   0.00080   0.00080   0.00421   0.00085   0.00086   0.00561   0.00000   0.00000   1.80240   0.00001   0.10937   1.47898   1.10679  
 76  0.0004   5142.814696  x:  0.00082   0.00080   0.00080   0.00421   0.00085   0.00086   0.00561   0.00000   0.00000   1.80240   0.00001   0.10939   1.47898   1.10679  
 77  0.0004   5142.814696  x:  0.00082   0.00080   0.00080   0.00421   0.00085   0.00086   0.00561   0.00000   0.00000   1.80241   0.00001   0.10941   1.47898   1.10678  
 78  0.0004   5142.814696  x:  0.00082   0.00080   0.00080   0.00421   0.00085   0.00086   0.00561   0.00000   0.00000   1.80242   0.00001   0.10943   1.47898   1.10678  
 79  0.0004   5142.814696  x:  0.00082   0.00080   0.00080   0.00421   0.00085   0.00086   0.00561   0.00000   0.00000   1.80243   0.00001   0.10946   1.47898   1.10677  
 80  0.0004   5142.814696  x:  0.00082   0.00080   0.00080   0.00421   0.00085   0.00086   0.00561   0.00000   0.00000   1.80244   0.00001   0.10949   1.47898   1.10677  
 81  0.0004   5142.814696  x:  0.00082   0.00080   0.00080   0.00421   0.00085   0.00086   0.00561   0.00000   0.00000   1.80244   0.00001   0.10953   1.47898   1.10676  
 82  0.0005   5142.814696  x:  0.00082   0.00080   0.00080   0.00421   0.00085   0.00086   0.00561   0.00000   0.00000   1.80245   0.00001   0.10957   1.47898   1.10675  
 83  0.0005   5142.814696  x:  0.00082   0.00080   0.00080   0.00421   0.00085   0.00086   0.00561   0.00000   0.00000   1.80247   0.00001   0.10962   1.47898   1.10675  
 84  0.0005   5142.814696  x:  0.00082   0.00080   0.00080   0.00421   0.00085   0.00086   0.00561   0.00000   0.00000   1.80248   0.00001   0.10967   1.47898   1.10674  
 85  0.0005   5142.814696  x:  0.00082   0.00080   0.00080   0.00421   0.00085   0.00086   0.00561   0.00000   0.00000   1.80249   0.00001   0.10974   1.47898   1.10673  
 86  0.0005   5142.814696  x:  0.00082   0.00080   0.00080   0.00421   0.00085   0.00086   0.00561   0.00000   0.00000   1.80251   0.00001   0.10981   1.47898   1.10672  
 87  0.0006   5142.814696  x:  0.00082   0.00080   0.00080   0.00420   0.00085   0.00086   0.00561   0.00000   0.00000   1.80252   0.00001   0.10991   1.47898   1.10671  
 88  0.0006   5142.814696  x:  0.00082   0.00080   0.00080   0.00420   0.00085   0.00086   0.00561   0.00000   0.00000   1.80254   0.00001   0.11002   1.47897   1.10670  
 89  0.0006   5142.814695  x:  0.00082   0.00080   0.00080   0.00420   0.00085   0.00086   0.00561   0.00000   0.00000   1.80257   0.00001   0.11018   1.47897   1.10668  
 90  0.0006   5142.814695  x:  0.00082   0.00080   0.00080   0.00420   0.00085   0.00086   0.00561   0.00000   0.00000   1.80260   0.00001   0.11038   1.47897   1.10667  
 91  0.0007   5142.814695  x:  0.00082   0.00080   0.00080   0.00420   0.00085   0.00086   0.00561   0.00000   0.00000   1.80264   0.00001   0.11068   1.47897   1.10664  
 92  0.0007   5142.814694  x:  0.00082   0.00080   0.00080   0.00420   0.00085   0.00086   0.00561   0.00000   0.00000   1.80269   0.00001   0.11116   1.47896   1.10661  
 93  0.0008   5142.814693  x:  0.00081   0.00080   0.00080   0.00420   0.00085   0.00086   0.00561   0.00000   0.00000   1.80277   0.00001   0.11210   1.47895   1.10656  
 94  0.0009   5142.814686  x:  0.00081   0.00080   0.00080   0.00420   0.00085   0.00086   0.00562   0.00000   0.00000   1.80294   0.00001   0.11483   1.47892   1.10646  
 95  0.0010   5142.814600  x:  0.00081   0.00080   0.00080   0.00420   0.00085   0.00086   0.00562   0.00000   0.00000   1.80308   0.00001   0.12657   1.47879   1.10639  
 96  0.0015   5142.814450  x:  0.00080   0.00080   0.00080   0.00421   0.00085   0.00086   0.00561   0.00000   0.00000   1.80242   0.00001   0.14250   1.47862   1.10684  
 97  0.0064   5142.814444  x:  0.00080   0.00080   0.00080   0.00421   0.00085   0.00086   0.00561   0.00000   0.00000   1.80239   0.00001   0.13790   1.47867   1.10685  
 98  0.0060   5142.814444  x:  0.00080   0.00080   0.00080   0.00421   0.00085   0.00086   0.00561   0.00000   0.00000   1.80237   0.00001   0.13715   1.47868   1.10685  
 99  0.0019   5142.814444  x:  0.00080   0.00080   0.00080   0.00421   0.00085   0.00086   0.00561   0.00000   0.00000   1.80237   0.00001   0.13711   1.47868   1.10685  
100  0.0011   5142.814444  x:  0.00080   0.00080   0.00080   0.00421   0.00085   0.00086   0.00561   0.00000   0.00000   1.80237   0.00001   0.13711   1.47868   1.10685  
101  0.0011   5142.814444  x:  0.00080   0.00080   0.00080   0.00421   0.00085   0.00086   0.00561   0.00000   0.00000   1.80238   0.00001   0.13705   1.47868   1.10684  
102  0.0088   5142.814444  x:  0.00080   0.00080   0.00080   0.00421   0.00085   0.00086   0.00561   0.00000   0.00000   1.80238   0.00001   0.13705   1.47868   1.10684  